1385848862455300,0,0,-68,-83,-84
1385848864135505,0,0,-70,-84,-85
1385848864447730,0,0,-70,-82,-87
1385848868465665,0,0,-76,-82,-83
1385848872009156,0,0,-71,-81,-87
1385848872478611,0,0,-71,-82,-84
1385848874167003,0,0,-74,-81,-82
1385848874168293,0,0,-78,-80,-85
1385848874489845,0,0,-78,-79,-83
1385848874529125,0,0,-75,-79,-81
1385848881189395,1,0,-66,-83,-83
1385848891224499,1,0,-71,-82,-86
1385848894232869,1,0,-69,-82,-82
1385848897743455,1,0,-68,-80,-80
1385848901256355,1,0,-70,-81,-81
1385848902258108,1,0,-68,-79,-79
1385848902603790,1,0,-68,-80,-79
1385848908274678,1,0,-68,-77,-77
1385848909276711,1,0,-71,-79,-77
1385848911285093,1,0,-71,-80,-77
1385848928340086,2,0,-65,-81,-78
1385848931351645,2,0,-71,-81,-80
1385848931853365,2,0,-76,-82,-81
1385848932355289,2,0,-71,-81,-80
1385848935863890,2,0,-65,-80,-79
1385848936757452,2,0,-63,-79,-80
1385848936865875,2,0,-63,-78,-81
1385848936866297,2,0,-62,-77,-81
1385848936866540,2,0,-63,-78,-81
1385848936868726,2,0,-64,-79,-80
1385848942395768,3,0,-63,-83,-83
1385848947921153,3,0,-63,-81,-81
1385848947922233,3,0,-63,-82,-80
1385848948309897,3,0,-63,-81,-80
1385848951442089,3,0,-59,-79,-75
1385848951443778,3,0,-59,-79,-75
1385848951443969,3,0,-60,-80,-76
1385848951826981,3,0,-58,-73,-73
1385848951949078,3,0,-58,-74,-73
1385848951949357,3,0,-58,-75,-74
1385849009252175,4,0,-59,-81,-81
1385849009252804,4,0,-60,-81,-81
1385849009561780,4,0,-60,-80,-81
1385849009755061,4,0,-59,-81,-82
1385849009757133,4,0,-59,-80,-82
1385849009758849,4,0,-59,-81,-82
1385849010065857,4,0,-57,-80,-82
1385849010261544,4,0,-57,-82,-83
1385849010265838,4,0,-57,-82,-83
1385849010266227,4,0,-57,-84,-82
1385849014780888,5,0,-55,-86,-81
1385849015119772,5,0,-53,-80,-82
1385849015120088,5,0,-53,-80,-82
1385849015284116,5,0,-53,-80,-84
1385849015287439,5,0,-53,-78,-82
1385849015621967,5,0,-53,-78,-82
1385849015622378,5,0,-53,-78,-82
1385849015623261,5,0,-53,-78,-81
1385849015786074,5,0,-53,-78,-80
1385849015790785,5,0,-54,-78,-81
1385849021607744,6,0,-54,-80,-81
1385849021608629,6,0,-54,-81,-81
1385849021643419,6,0,-54,-81,-82
1385849021643715,6,0,-54,-80,-81
1385849021817131,6,0,-53,-80,-81
1385849022105821,6,0,-53,-80,-81
1385849022144519,6,0,-53,-81,-82
1385849022144867,6,0,-53,-80,-82
1385849022145027,6,0,-53,-81,-82
1385849022321225,6,0,-54,-80,-83
1385849026659398,7,0,-53,-84,-80
1385849026659762,7,0,-54,-85,-80
1385849027160532,7,0,-51,-81,-77
1385849027854784,7,0,-53,-83,-80
1385849030364379,7,0,-51,-79,-78
1385849030866969,7,0,-51,-80,-80
1385849031372930,7,0,-50,-79,-82
1385849032380155,7,0,-52,-78,-77
1385849032880836,7,0,-52,-79,-77
1385849032881263,7,0,-52,-78,-77
1385849037405660,8,0,-51,-80,-80
1385849038409511,8,0,-53,-79,-78
1385849040202583,8,0,-50,-81,-82
1385849041424872,8,0,-53,-80,-73
1385849041707656,8,0,-54,-80,-74
1385849049467734,8,0,-52,-79,-80
1385849049732248,8,0,-52,-79,-80
1385849049732962,8,0,-52,-79,-80
1385849049972276,8,0,-52,-80,-80
1385849050233026,8,0,-53,-81,-79
1385849054500538,9,0,-49,-82,-80
1385849055000894,9,0,-48,-81,-80
1385849055246378,9,0,-50,-81,-78
1385849055502294,9,0,-53,-81,-82
1385849057012710,9,0,-52,-83,-81
1385849057257137,9,0,-53,-82,-82
1385849065292962,9,0,-51,-82,-80
1385849068807790,9,0,-48,-79,-75
1385849069077765,9,0,-48,-80,-75
1385849071592476,9,0,-50,-80,-75
1385849077623789,10,0,-49,-79,-80
1385849078125910,10,0,-49,-79,-80
1385849078369238,10,0,-50,-79,-80
1385849078629908,10,0,-52,-79,-78
1385849079329482,10,0,-52,-78,-77
1385849079336761,10,0,-53,-78,-77
1385849079638253,10,0,-54,-78,-77
1385849079830728,10,0,-53,-78,-76
1385849080138253,10,0,-52,-78,-77
1385849080640160,10,0,-51,-78,-77
1385849088178193,11,0,-57,-79,-78
1385849088361190,11,0,-60,-79,-78
1385849088680984,11,0,-58,-80,-79
1385849088682755,11,0,-58,-79,-79
1385849089863102,11,0,-68,-82,-81
1385849089866093,11,0,-69,-80,-80
1385849090869442,11,0,-59,-79,-74
1385849091368744,11,0,-59,-79,-74
1385849091369979,11,0,-59,-79,-74
1385849091370588,11,0,-59,-79,-74
1385849097395800,12,0,-58,-78,-78
1385849098891566,12,0,-59,-77,-79
1385849098901289,12,0,-58,-78,-78
1385849099397739,12,0,-57,-78,-79
1385849099399639,12,0,-57,-78,-78
1385849099900413,12,0,-57,-78,-79
1385849099902503,12,0,-57,-79,-79
1385849102415222,12,0,-58,-81,-78
1385849103263209,12,0,-61,-79,-80
1385849107435110,12,0,-56,-81,-79
1385849129539684,13,0,-49,-82,-75
1385849131058040,13,0,-54,-78,-75
1385849131665145,13,0,-51,-79,-72
1385849132499164,13,0,-50,-78,-74
1385849132919107,13,0,-49,-77,-74
1385849133000020,13,0,-49,-76,-75
1385849133073931,13,0,-49,-77,-76
1385849133076476,13,0,-49,-75,-76
1385849133422687,13,0,-48,-75,-74
1385849133502372,13,0,-50,-76,-75
1385849138101109,14,0,-53,-78,-73
1385849138598401,14,0,-56,-77,-75
1385849138598911,14,0,-55,-77,-75
1385849139096099,14,0,-55,-77,-77
1385849139096419,14,0,-54,-76,-77
1385849139098246,14,0,-54,-76,-75
1385849139099808,14,0,-53,-75,-73
1385849139601683,14,0,-53,-77,-75
1385849139601949,14,0,-53,-77,-75
1385849139603086,14,0,-53,-77,-75
1385849139603326,14,0,-53,-77,-75
1385849139603482,14,0,-53,-77,-75
1385849151669304,15,0,-53,-78,-73
1385849151672849,15,0,-53,-78,-73
1385849152175574,15,0,-53,-78,-73
1385849152184126,15,0,-53,-78,-72
1385849152565683,15,0,-53,-78,-72
1385849152682853,15,0,-53,-78,-72
1385849152684221,15,0,-53,-77,-72
1385849152684467,15,0,-53,-78,-72
1385849153067329,15,0,-53,-79,-73
1385849153183728,15,0,-53,-78,-72
1385849168741504,16,0,-60,-78,-76
1385849169117309,16,0,-62,-79,-76
1385849170756049,16,0,-57,-77,-79
1385849170758382,16,0,-57,-77,-79
1385849171259935,16,0,-57,-78,-75
1385849171264233,16,0,-57,-78,-76
1385849171268993,16,0,-56,-78,-75
1385849171631896,16,0,-58,-79,-74
1385849172133957,16,0,-58,-79,-74
1385849172269386,16,0,-59,-78,-76
1385849179309126,17,0,-63,-85,-70
1385849179312505,17,0,-63,-84,-71
1385849179676512,17,0,-62,-78,-70
1385849179809113,17,0,-62,-79,-70
1385849179849445,17,0,-61,-79,-73
1385849180176801,17,0,-60,-79,-76
1385849180177727,17,0,-60,-79,-76
1385849180344291,17,0,-59,-78,-76
1385849180344665,17,0,-58,-77,-74
1385849180678473,17,0,-58,-78,-75
1385849192887936,18,0,-62,-78,-76
1385849193927363,18,0,-63,-79,-75
1385849193929137,18,0,-63,-80,-75
1385849194257358,18,0,-64,-79,-74
1385849194755000,18,0,-64,-78,-74
1385849194892533,18,0,-64,-78,-75
1385849195258776,18,0,-65,-78,-75
1385849195259843,18,0,-65,-78,-74
1385849195386662,18,0,-65,-79,-75
1385849195389061,18,0,-64,-79,-76
1385849207450861,19,0,-68,-82,-76
1385849208328427,19,0,-67,-80,-76
1385849212349936,19,0,-67,-81,-77
1385849212484411,19,0,-67,-81,-76
1385849214998385,19,0,-67,-80,-76
1385849215527215,19,0,-67,-79,-75
1385849216509957,19,0,-67,-79,-74
1385849217015516,19,0,-67,-79,-74
1385849217513871,19,0,-67,-81,-75
1385849217772298,19,0,-67,-80,-75
1385849221908084,20,0,-65,-77,-72
1385849221908476,20,0,-65,-77,-72
1385849222079646,20,0,-66,-77,-74
1385849222404475,20,0,-68,-77,-75
1385849222405375,20,0,-67,-77,-75
1385849222405715,20,0,-67,-77,-75
1385849222407874,20,0,-65,-77,-73
1385849222907023,20,0,-63,-76,-72
1385849223410770,20,0,-62,-76,-74
1385849223550938,20,0,-63,-76,-74
1385849228125419,21,0,-61,-79,-69
1385849228309681,21,0,-61,-79,-70
1385849228622466,21,0,-61,-78,-69
1385849228811194,21,0,-61,-77,-70
1385849228939178,21,0,-60,-77,-71
1385849229113313,21,0,-60,-77,-72
1385849229128691,21,0,-60,-77,-72
1385849229313039,21,0,-60,-76,-72
1385849229440161,21,0,-60,-76,-73
1385849229611502,21,0,-60,-76,-74
1385849229612042,21,0,-60,-75,-74
1385849229612347,21,0,-60,-75,-74
1385849236479103,22,0,-59,-79,-70
1385849236619208,22,0,-57,-78,-70
1385849236981775,22,0,-57,-79,-71
1385849237484531,22,0,-58,-78,-73
1385849237485725,22,0,-57,-78,-73
1385849237485934,22,0,-57,-79,-74
1385849237685531,22,0,-57,-78,-74
1385849237987209,22,0,-57,-78,-74
1385849237988090,22,0,-57,-78,-73
1385849238136120,22,0,-56,-78,-72
1385849243136824,23,0,-66,-79,-76
1385849243358110,23,0,-65,-78,-77
1385849244171924,23,0,-67,-78,-71
1385849244361745,23,0,-63,-78,-70
1385849244769570,23,0,-65,-78,-70
1385849244862875,23,0,-65,-78,-73
1385849244863323,23,0,-65,-79,-73
1385849245024305,23,0,-65,-78,-74
1385849245264362,23,0,-63,-77,-74
1385849245365099,23,0,-63,-77,-74
1385849245365451,23,0,-63,-77,-74
1385849245365721,23,0,-63,-76,-73
1385849252391342,24,0,-71,-80,-66
1385849252563453,24,0,-67,-80,-66
1385849252893528,24,0,-65,-78,-68
1385849253193887,24,0,-66,-80,-68
1385849253896061,24,0,-66,-79,-69
1385849254397622,24,0,-66,-80,-70
1385849254726525,24,0,-66,-79,-70
1385849254899590,24,0,-66,-79,-71
1385849254900527,24,0,-66,-79,-70
1385849255401204,24,0,-66,-79,-71
1385849261922292,25,0,-72,-80,-69
1385849261922569,25,0,-72,-80,-70
1385849262424439,25,0,-72,-81,-69
1385849262425120,25,0,-72,-80,-68
1385849262620808,25,0,-72,-80,-68
1385849262834615,25,0,-73,-80,-68
1385849262925657,25,0,-73,-80,-68
1385849262926771,25,0,-73,-80,-68
1385849263122684,25,0,-73,-79,-68
1385849263427590,25,0,-74,-80,-66
1385849269791820,26,0,-72,-79,-71
1385849269948711,26,0,-72,-80,-72
1385849270161668,26,0,-72,-79,-72
1385849272317785,26,0,-72,-81,-72
1385849272802920,26,0,-71,-79,-71
1385849272957386,26,0,-72,-79,-71
1385849272957738,26,0,-72,-79,-71
1385849274182904,26,0,-72,-76,-67
1385849274464305,26,0,-72,-76,-67
1385849274685015,26,0,-72,-77,-67
1385849280219008,27,0,-69,-78,-66
1385849280482652,27,0,-74,-77,-63
1385849280721800,27,0,-74,-77,-63
1385849280874255,27,0,-74,-77,-64
1385849281986851,27,0,-72,-77,-62
1385849282229554,27,0,-72,-78,-62
1385849282487642,27,0,-72,-77,-62
1385849282488120,27,0,-72,-77,-62
1385849282488649,27,0,-73,-77,-62
1385849282881198,27,0,-74,-78,-62
1385849287501431,28,0,-75,-76,-65
1385849287759891,28,0,-76,-76,-69
1385849287760738,28,0,-76,-77,-69
1385849288002758,28,0,-74,-77,-70
1385849288003133,28,0,-75,-77,-69
1385849288003480,28,0,-76,-78,-69
1385849288263415,28,0,-76,-78,-71
1385849288268644,28,0,-75,-78,-71
1385849288404530,28,0,-77,-78,-71
1385849288502952,28,0,-77,-77,-71
1385849288503328,28,0,-76,-77,-71
1385849288503588,28,0,-77,-77,-71
1385849297029300,29,0,-76,-78,-61
1385849297531167,29,0,-77,-79,-66
1385849297819842,29,0,-76,-77,-67
1385849298032858,29,0,-76,-77,-65
1385849298033183,29,0,-76,-77,-65
1385849298034010,29,0,-77,-78,-63
1385849298316684,29,0,-76,-78,-39
1385849298466632,29,0,-75,-77,-62
1385849298535108,29,0,-76,-77,-62
1385849298535439,29,0,-75,-77,-62
1385849298535595,29,0,-75,-77,-39
1385849298535949,29,0,-74,-77,-62
1385849400459042,12,1,-76,-86,-86
1385849400459938,12,1,-77,-87,-85
1385849400460380,12,1,-76,-87,-87
1385849400460670,12,1,-77,-86,-87
1385849401445360,12,1,-75,-82,-76
1385849401446212,12,1,-75,-82,-77
1385849402441897,12,1,-75,-84,-73
1385849405967250,12,1,-70,-84,-74
1385849405968606,12,1,-69,-83,-74
1385849405974227,12,1,-69,-83,-76
1385849410997700,12,2,-64,-81,-76
1385849411422131,12,2,-62,-80,-73
1385849411422851,12,2,-62,-79,-73
1385849411498724,12,2,-62,-79,-72
1385849411506148,12,2,-61,-79,-73
1385849411924980,12,2,-64,-79,-72
1385849411925771,12,2,-64,-79,-73
1385849412003169,12,2,-64,-82,-72
1385849412010156,12,2,-63,-80,-72
1385849412010443,12,2,-68,-79,-73
1385849412010696,12,2,-66,-79,-73
1385849417454187,12,3,-69,-80,-73
1385849417538879,12,3,-69,-81,-73
1385849417539895,12,3,-69,-81,-74
1385849417955422,12,3,-68,-81,-73
1385849418037536,12,3,-69,-81,-74
1385849418088307,12,3,-69,-80,-73
1385849418090743,12,3,-69,-82,-73
1385849418092012,12,3,-70,-79,-73
1385849418093022,12,3,-70,-80,-73
1385849418460272,12,3,-67,-81,-74
1385849418460862,12,3,-67,-81,-74
1385849423047889,12,4,-62,-82,-70
1385849423052468,12,4,-65,-81,-68
1385849423553180,12,4,-64,-81,-69
1385849423559318,12,4,-65,-82,-71
1385849425062193,12,4,-68,-82,-74
1385849425083431,12,4,-69,-82,-73
1385849425083687,12,4,-69,-82,-72
1385849425566088,12,4,-66,-81,-71
1385849426577678,12,4,-67,-81,-74
1385849427077007,12,4,-64,-79,-72
1385849432616196,12,5,-67,-82,-72
1385849434040536,12,5,-67,-85,-75
1385849434631201,12,5,-69,-83,-73
1385849435164500,12,5,-69,-83,-73
1385849436625313,12,5,-72,-84,-73
1385849437484852,12,5,-67,-81,-75
1385849437567475,12,5,-67,-82,-74
1385849438487759,12,5,-71,-85,-74
1385849438563642,12,5,-71,-84,-74
1385849439146130,12,5,-73,-85,-76
1385849444672839,12,6,-68,-79,-75
1385849447181025,12,6,-70,-83,-71
1385849457260943,12,6,-71,-82,-74
1385849458553353,12,6,-62,-77,-73
1385849459273215,12,6,-61,-78,-68
1385849459277684,12,6,-61,-78,-67
1385849459681524,12,6,-65,-76,-67
1385849459771846,12,6,-61,-78,-68
1385849459772111,12,6,-59,-78,-68
1385849460193383,12,6,-62,-79,-75
1385849465073809,12,7,-67,-78,-73
1385849465210906,12,7,-67,-78,-73
1385849466214843,12,7,-69,-79,-73
1385849466717804,12,7,-74,-79,-72
1385849467082252,12,7,-74,-79,-71
1385849467312378,12,7,-72,-77,-71
1385849467313464,12,7,-72,-79,-72
1385849467582043,12,7,-72,-79,-72
1385849467582387,12,7,-74,-80,-73
1385849467724888,12,7,-72,-79,-71
1385849472332277,12,8,-71,-80,-74
1385849475767663,12,8,-71,-80,-74
1385849476360051,12,8,-68,-80,-76
1385849476910895,12,8,-68,-77,-70
1385849477110583,12,8,-67,-78,-71
1385849477110878,12,8,-67,-78,-72
1385849477365342,12,8,-67,-77,-72
1385849477399685,12,8,-67,-78,-72
1385849477399988,12,8,-67,-77,-71
1385849477613234,12,8,-68,-78,-71
1385849477613721,12,8,-68,-78,-71
1385849477613890,12,8,-68,-77,-71
1385849482904090,12,9,-74,-82,-70
1385849482908023,12,9,-73,-81,-70
1385849483630782,12,9,-73,-83,-72
1385849483810776,12,9,-79,-83,-70
1385849483914236,12,9,-77,-83,-69
1385849484133713,12,9,-74,-83,-70
1385849484313329,12,9,-75,-83,-70
1385849484418526,12,9,-78,-82,-69
1385849484419704,12,9,-78,-82,-69
1385849484633975,12,9,-77,-81,-69
1385849484634437,12,9,-76,-82,-70
1385849488147384,12,10,-69,-76,-71
1385849488147900,12,10,-68,-77,-71
1385849488148369,12,10,-68,-76,-70
1385849488432855,12,10,-71,-80,-71
1385849488647242,12,10,-72,-80,-71
1385849488647482,12,10,-72,-80,-71
1385849488647836,12,10,-72,-78,-71
1385849488647987,12,10,-73,-79,-71
1385849488935189,12,10,-72,-76,-72
1385849488936631,12,10,-73,-76,-72
1385849493164927,12,11,-70,-76,-69
1385849493165413,12,11,-70,-76,-69
1385849493165746,12,11,-71,-75,-69
1385849493362823,12,11,-69,-77,-69
1385849493457165,12,11,-71,-77,-68
1385849493665936,12,11,-72,-77,-68
1385849493666459,12,11,-72,-77,-68
1385849493666802,12,11,-72,-76,-68
1385849493667679,12,11,-70,-76,-68
1385849493862777,12,11,-71,-76,-68
1385849499184466,12,12,-72,-79,-68
1385849499478086,12,12,-72,-78,-69
1385849499478884,12,12,-72,-78,-69
1385849499497398,12,12,-71,-74,-70
1385849499685233,12,12,-71,-74,-70
1385849499686379,12,12,-71,-74,-69
1385849499999644,12,12,-71,-74,-69
1385849499999922,12,12,-72,-74,-69
1385849500000222,12,12,-72,-74,-69
1385849500000408,12,12,-72,-74,-69
1385849504042344,12,13,-76,-79,-70
1385849504042720,12,13,-76,-79,-70
1385849504199931,12,13,-78,-78,-70
1385849504200715,12,13,-78,-78,-70
1385849504526342,12,13,-80,-78,-69
1385849504526805,12,13,-79,-78,-69
1385849504527285,12,13,-83,-78,-69
1385849504701366,12,13,-80,-77,-67
1385849504701719,12,13,-80,-78,-68
1385849505005719,12,13,-79,-78,-66
1385849509718092,12,14,-77,-75,-67
1385849509718440,12,14,-77,-76,-67
1385849510036786,12,14,-77,-75,-68
1385849510218126,12,14,-80,-76,-69
1385849510218558,12,14,-79,-76,-69
1385849510218942,12,14,-79,-76,-70
1385849510219219,12,14,-79,-77,-70
1385849510538444,12,14,-83,-79,-73
1385849510548966,12,14,-79,-77,-73
1385849510550625,12,14,-75,-77,-73
1385849515736011,12,15,-77,-77,-69
1385849515981571,12,15,-77,-77,-68
1385849516063989,12,15,-78,-78,-68
1385849516235854,12,15,-78,-78,-68
1385849516236194,12,15,-78,-77,-68
1385849516236446,12,15,-78,-77,-68
1385849516486264,12,15,-77,-77,-69
1385849516566843,12,15,-77,-77,-69
1385849516568540,12,15,-78,-77,-69
1385849516737953,12,15,-77,-77,-69
1385849516738308,12,15,-77,-77,-69
1385849516738539,12,15,-77,-76,-69
1385849516738783,12,15,-77,-77,-69
1385849521252653,12,16,-76,-76,-69
1385849521604762,12,16,-77,-71,-67
1385849521605453,12,16,-77,-71,-68
1385849521755270,12,16,-77,-72,-67
1385849521755824,12,16,-75,-73,-67
1385849522106466,12,16,-76,-76,-69
1385849522107874,12,16,-76,-77,-69
1385849522108785,12,16,-75,-77,-68
1385849522257610,12,16,-76,-79,-69
1385849522258047,12,16,-76,-79,-69
1385849522258253,12,16,-76,-79,-69
1385849522258572,12,16,-76,-78,-69
1385849527045933,12,17,-74,-73,-67
1385849527046270,12,17,-75,-73,-67
1385849527274750,12,17,-76,-76,-67
1385849527275100,12,17,-76,-76,-67
1385849527275530,12,17,-74,-74,-67
1385849527546599,12,17,-75,-74,-67
1385849527547445,12,17,-75,-74,-67
1385849527547651,12,17,-75,-74,-67
1385849527775807,12,17,-76,-73,-67
1385849527776113,12,17,-75,-73,-67
1385849527776367,12,17,-76,-73,-67
1385849532071185,12,18,-74,-75,-67
1385849532290384,12,18,-76,-75,-67
1385849532290725,12,18,-74,-74,-68
1385849532290952,12,18,-73,-74,-68
1385849532291291,12,18,-74,-75,-68
1385849532793406,12,18,-76,-74,-69
1385849533074462,12,18,-75,-74,-69
1385849533309298,12,18,-74,-74,-68
1385849533309602,12,18,-74,-74,-68
1385849533309753,12,18,-74,-74,-68
1385849533309894,12,18,-75,-74,-69
1385849539313179,12,19,-76,-67,-71
1385849539702925,12,19,-78,-73,-73
1385849539709566,12,19,-78,-74,-73
1385849539815136,12,19,-79,-75,-73
1385849539815901,12,19,-77,-74,-73
1385849540111893,12,19,-76,-74,-73
1385849540201764,12,19,-76,-74,-73
1385849540204514,12,19,-77,-74,-73
1385849540316839,12,19,-75,-74,-72
1385849540317259,12,19,-76,-73,-72
1385849540317660,12,19,-76,-74,-73
1385849733436742,0,1,-66,-81,-82
1385849737451995,0,1,-66,-81,-77
1385849737452697,0,1,-66,-81,-78
1385849743471645,0,1,-69,-80,-82
1385849746275066,0,1,-69,-80,-84
1385849746284571,0,1,-69,-80,-85
1385849747484527,0,1,-70,-81,-82
1385849748488151,0,1,-68,-81,-80
1385849749993297,0,1,-71,-81,-82
1385849753002440,0,1,-70,-80,-83
1385849763362292,1,1,-65,-81,-80
1385849764036525,1,1,-66,-84,-81
1385849764037083,1,1,-67,-83,-82
1385849767400234,1,1,-63,-82,-77
1385849770058128,1,1,-62,-78,-73
1385849773422144,1,1,-68,-82,-79
1385849773424944,1,1,-68,-80,-76
1385849773425293,1,1,-70,-83,-78
1385849777441318,1,1,-66,-79,-74
1385849777943506,1,1,-66,-81,-75
1385849782598302,2,1,-60,-79,-73
1385849782598677,2,1,-60,-79,-74
1385849783100011,2,1,-57,-79,-75
1385849783100456,2,1,-57,-79,-75
1385849783478734,2,1,-58,-80,-74
1385849783603511,2,1,-57,-79,-73
1385849784604473,2,1,-58,-79,-76
1385849784992959,2,1,-58,-79,-76
1385849787511680,2,1,-61,-81,-83
1385849789014414,2,1,-60,-80,-79
1385849796139736,3,1,-57,-77,-73
1385849796467503,3,1,-57,-76,-73
1385849796641157,3,1,-58,-77,-74
1385849796641596,3,1,-58,-77,-74
1385849797047752,3,1,-58,-77,-75
1385849797142498,3,1,-58,-77,-74
1385849797473202,3,1,-58,-77,-74
1385849797552273,3,1,-59,-78,-74
1385849797643559,3,1,-59,-78,-74
1385849797643901,3,1,-58,-77,-74
1385849801577218,4,1,-58,-78,-78
1385849802160528,4,1,-58,-78,-77
1385849802572700,4,1,-58,-78,-77
1385849803002053,4,1,-57,-80,-76
1385849803163572,4,1,-58,-79,-77
1385849803164170,4,1,-58,-79,-77
1385849803507182,4,1,-58,-79,-77
1385849803573961,4,1,-58,-78,-77
1385849803576367,4,1,-58,-79,-77
1385849803664993,4,1,-58,-78,-77
1385849803665551,4,1,-57,-78,-76
1385849813639507,5,1,-61,-79,-75
1385849814701307,5,1,-58,-81,-72
1385849814702130,5,1,-58,-80,-72
1385849817209807,5,1,-56,-79,-71
1385849817210592,5,1,-56,-79,-71
1385849817712950,5,1,-55,-79,-71
1385849818716335,5,1,-56,-78,-71
1385849819216081,5,1,-55,-79,-71
1385849821223483,5,1,-56,-78,-71
1385849821606458,5,1,-55,-78,-71
1385849827243988,6,1,-59,-79,-79
1385849834764815,6,1,-61,-80,-81
1385849837701217,6,1,-61,-80,-81
1385849842306466,6,1,-58,-80,-79
1385849845332647,6,1,-55,-79,-75
1385849845840296,6,1,-56,-80,-74
1385849846302445,6,1,-56,-79,-74
1385849846340430,6,1,-56,-79,-73
1385849846841335,6,1,-57,-80,-74
1385849847345067,6,1,-56,-81,-74
1385849853384012,7,1,-55,-80,-79
1385849854478599,7,1,-57,-81,-79
1385849854478990,7,1,-56,-82,-78
1385849856292903,7,1,-57,-79,-77
1385849856516580,7,1,-56,-78,-77
1385849856794418,7,1,-56,-78,-76
1385849857413375,7,1,-56,-78,-74
1385849857413722,7,1,-56,-78,-75
1385849857413973,7,1,-55,-79,-75
1385849861423664,7,1,-57,-81,-76
1385849867454006,8,1,-50,-82,-76
1385849868496989,8,1,-54,-80,-76
1385849872023379,8,1,-55,-85,-75
1385849872382823,8,1,-55,-85,-75
1385849872384748,8,1,-54,-84,-75
1385849873497778,8,1,-55,-81,-73
1385849874595116,8,1,-54,-79,-73
1385849877527471,8,1,-52,-83,-72
1385849878023632,8,1,-52,-81,-73
1385849884065365,8,1,-53,-83,-73
1385849894610191,9,1,-57,-79,-73
1385849896651185,9,1,-56,-77,-73
1385849896651506,9,1,-56,-77,-73
1385849897013977,9,1,-56,-80,-75
1385849897516217,9,1,-56,-80,-74
1385849897621932,9,1,-55,-79,-74
1385849903551935,9,1,-56,-82,-76
1385849907569367,9,1,-54,-83,-77
1385849911703833,9,1,-54,-83,-78
1385849912014722,9,1,-54,-80,-80
1385849917230946,10,1,-56,-82,-78
1385849917759401,10,1,-58,-82,-80
1385849917759855,10,1,-58,-83,-80
1385849918759683,10,1,-57,-82,-82
1385849918760009,10,1,-57,-83,-82
1385849922151174,10,1,-59,-82,-84
1385849922262029,10,1,-59,-83,-82
1385849922264945,10,1,-59,-82,-84
1385849923551746,10,1,-57,-80,-80
1385849927299368,10,1,-55,-82,-73
1385849933584379,11,1,-63,-83,-74
1385849935862703,11,1,-67,-84,-76
1385849936462815,11,1,-62,-85,-73
1385849937361066,11,1,-60,-82,-74
1385849940878211,11,1,-70,-84,-74
1385849946416930,11,1,-65,-82,-71
1385849947426185,11,1,-65,-81,-73
1385849954656653,11,1,-60,-83,-71
1385849957161438,11,1,-56,-82,-75
1385849957475599,11,1,-57,-81,-77
1385849966890873,13,1,-64,-83,-78
1385849966901209,13,1,-62,-83,-78
1385849966901643,13,1,-63,-78,-77
1385849967028837,13,1,-63,-82,-76
1385849967031503,13,1,-63,-82,-77
1385849967607897,13,1,-67,-82,-74
1385849971708543,13,1,-64,-82,-77
1385849973431428,13,1,-60,-85,-74
1385849975944075,13,1,-63,-83,-73
1385849977452662,13,1,-63,-81,-75
1385849986255926,14,1,-61,-82,-75
1385849987504719,14,1,-59,-79,-74
1385849987761025,14,1,-59,-79,-74
1385849988261308,14,1,-60,-80,-74
1385849989668937,14,1,-60,-80,-76
1385849991771654,14,1,-60,-81,-72
1385849993536795,14,1,-59,-82,-71
1385849997290560,14,1,-59,-79,-71
1385849997560061,14,1,-57,-80,-72
1385849997702056,14,1,-56,-80,-71
1385850002306697,15,1,-62,-78,-72
1385850002307146,15,1,-62,-78,-76
1385850002720682,15,1,-61,-78,-78
1385850002809338,15,1,-61,-78,-76
1385850003090395,15,1,-59,-78,-75
1385850003310460,15,1,-60,-78,-75
1385850003310828,15,1,-61,-79,-75
1385850003311441,15,1,-61,-78,-75
1385850003311788,15,1,-61,-78,-75
1385850003592232,15,1,-61,-78,-75
1385850017532487,16,1,-58,-84,-69
1385850019679641,16,1,-58,-79,-74
1385850019863333,16,1,-59,-79,-72
1385850023375839,16,1,-58,-81,-70
1385850024380417,16,1,-59,-80,-71
1385850024882495,16,1,-58,-80,-71
1385850025381456,16,1,-60,-82,-71
1385850027388130,16,1,-59,-81,-68
1385850029897066,16,1,-60,-82,-74
1385850030397545,16,1,-58,-81,-76
1385850030398498,16,1,-58,-82,-75
1385850037420069,17,1,-59,-82,-70
1385850038543304,17,1,-60,-82,-72
1385850039928854,17,1,-59,-81,-71
1385850040432211,17,1,-60,-81,-71
1385850040792807,17,1,-59,-81,-70
1385850041942211,17,1,-59,-82,-72
1385850042945100,17,1,-60,-81,-70
1385850042953877,17,1,-61,-83,-73
1385850043454595,17,1,-61,-82,-73
1385850043809681,17,1,-59,-84,-73
1385850047829406,18,1,-61,-79,-73
1385850048495435,18,1,-62,-81,-73
1385850049840827,18,1,-61,-80,-70
1385850049841668,18,1,-61,-80,-70
1385850050504575,18,1,-62,-79,-70
1385850051994491,18,1,-60,-79,-69
1385850052702468,18,1,-62,-79,-71
1385850052860142,18,1,-62,-80,-70
1385850053023722,18,1,-61,-79,-70
1385850053024784,18,1,-62,-80,-70
1385850061048597,19,1,-63,-85,-74
1385850061052355,19,1,-64,-84,-73
1385850061053113,19,1,-64,-84,-72
1385850064181805,19,1,-63,-79,-69
1385850065930018,19,1,-64,-80,-72
1385850067035511,19,1,-62,-78,-69
1385850067747534,19,1,-63,-78,-71
1385850067747817,19,1,-62,-80,-71
1385850070558676,19,1,-64,-78,-70
1385850070615167,19,1,-63,-78,-70
1385850076546727,20,1,-65,-77,-67
1385850077549662,20,1,-66,-80,-69
1385850078173591,20,1,-66,-80,-69
1385850079734659,20,1,-66,-82,-69
1385850080842640,20,1,-67,-79,-68
1385850080842959,20,1,-68,-79,-68
1385850083236585,20,1,-61,-80,-68
1385850087334417,20,1,-65,-78,-71
1385850087716340,20,1,-62,-81,-71
1385850088739390,20,1,-61,-80,-68
1385850093276632,21,1,-62,-80,-71
1385850093819735,21,1,-63,-80,-71
1385850094246006,21,1,-65,-79,-72
1385850094761464,21,1,-65,-78,-72
1385850095294545,21,1,-64,-79,-75
1385850096279152,21,1,-62,-80,-70
1385850098799387,21,1,-64,-77,-72
1385850098814401,21,1,-64,-77,-71
1385850099275541,21,1,-64,-77,-71
1385850099276786,21,1,-64,-78,-71
1385850103795863,22,1,-73,-79,-71
1385850104304775,22,1,-72,-80,-72
1385850104875571,22,1,-72,-82,-73
1385850105144297,22,1,-72,-81,-74
1385850105648378,22,1,-73,-78,-75
1385850105841783,22,1,-76,-79,-74
1385850105842149,22,1,-70,-79,-74
1385850105842425,22,1,-74,-79,-74
1385850106151022,22,1,-70,-78,-74
1385850106306647,22,1,-71,-79,-73
1385850106307083,22,1,-72,-79,-74
1385850112835496,23,1,-62,-81,-73
1385850113344635,23,1,-63,-80,-70
1385850113846440,23,1,-64,-79,-69
1385850113848683,23,1,-63,-77,-69
1385850113851745,23,1,-63,-77,-70
1385850114377536,23,1,-63,-78,-70
1385850114881293,23,1,-62,-79,-71
1385850114881636,23,1,-62,-79,-71
1385850114881884,23,1,-61,-78,-71
1385850115876389,23,1,-66,-78,-74
1385850121052667,24,1,-62,-77,-70
1385850121230972,24,1,-62,-77,-68
1385850121412156,24,1,-62,-77,-68
1385850121734617,24,1,-62,-77,-68
1385850121983442,24,1,-62,-78,-68
1385850121988062,24,1,-61,-78,-68
1385850122389403,24,1,-61,-78,-68
1385850122395173,24,1,-61,-78,-68
1385850122937356,24,1,-61,-78,-66
1385850123481975,24,1,-61,-77,-68
1385850127416797,25,1,-72,-78,-68
1385850127767017,25,1,-65,-78,-66
1385850127945510,25,1,-65,-79,-65
1385850127958748,25,1,-64,-77,-65
1385850127960156,25,1,-64,-78,-66
1385850128430379,25,1,-65,-78,-67
1385850128542678,25,1,-64,-78,-67
1385850128547466,25,1,-65,-77,-67
1385850128549033,25,1,-65,-78,-67
1385850128773998,25,1,-63,-78,-66
1385850132789327,26,1,-68,-79,-68
1385850132936709,26,1,-69,-79,-69
1385850132939631,26,1,-69,-79,-69
1385850133455376,26,1,-70,-80,-76
1385850133456504,26,1,-70,-80,-76
1385850134515115,26,1,-69,-78,-70
1385850135137502,26,1,-68,-78,-70
1385850135138666,26,1,-69,-78,-70
1385850135737172,26,1,-69,-78,-69
1385850135956858,26,1,-69,-80,-70
1385850142258365,27,1,-66,-79,-73
1385850142344035,27,1,-65,-78,-74
1385850142981994,27,1,-66,-77,-72
1385850142982300,27,1,-66,-78,-71
1385850143348645,27,1,-66,-77,-69
1385850143984316,27,1,-65,-78,-69
1385850144264776,27,1,-66,-79,-68
1385850144989796,27,1,-65,-79,-68
1385850145499187,27,1,-67,-79,-68
1385850146270823,27,1,-67,-79,-70
1385850151016353,28,1,-69,-77,-65
1385850151024523,28,1,-69,-77,-66
1385850151393725,28,1,-70,-78,-60
1385850151517459,28,1,-69,-77,-61
1385850151533588,28,1,-69,-76,-63
1385850151789845,28,1,-70,-75,-63
1385850151898657,28,1,-69,-75,-64
1385850151900770,28,1,-69,-76,-64
1385850152022551,28,1,-69,-76,-64
1385850152031093,28,1,-69,-76,-63
1385850152031451,28,1,-68,-77,-62
1385850157424898,29,1,-76,-75,-67
1385850157560009,29,1,-68,-76,-66
1385850157560305,29,1,-68,-76,-66
1385850158161256,29,1,-68,-78,-63
1385850159060217,29,1,-69,-80,-65
1385850162824804,29,1,-68,-84,-62
1385850166838217,29,1,-66,-81,-59
1385850167841389,29,1,-67,-79,-59
1385850168106943,29,1,-66,-79,-59
1385850169130128,29,1,-66,-82,-60
1385850223276201,29,2,-65,-78,-61
1385850223508778,29,2,-64,-78,-62
1385850223778607,29,2,-63,-77,-62
1385850223779481,29,2,-63,-78,-62
1385850224511953,29,2,-61,-79,-60
1385850224513115,29,2,-63,-79,-60
1385850225013504,29,2,-63,-78,-60
1385850225514613,29,2,-67,-78,-60
1385850226016077,29,2,-65,-79,-60
1385850226293700,29,2,-66,-79,-60
1385850232323829,28,2,-67,-79,-62
1385850232326159,28,2,-67,-83,-62
1385850233480561,28,2,-68,-84,-62
1385850235550533,28,2,-71,-79,-62
1385850236551980,28,2,-72,-81,-61
1385850237553911,28,2,-70,-81,-63
1385850243385173,28,2,-63,-79,-64
1385850243530415,28,2,-65,-80,-63
1385850243578405,28,2,-68,-82,-64
1385850245400147,28,2,-67,-80,-60
1385850251097343,27,2,-62,-81,-64
1385850251097701,27,2,-62,-81,-63
1385850253583987,27,2,-61,-80,-62
1385850253942655,27,2,-61,-80,-62
1385850254107930,27,2,-61,-80,-62
1385850257462371,27,2,-60,-82,-63
1385850261987778,27,2,-60,-79,-61
1385850263493275,27,2,-61,-80,-61
1385850263638163,27,2,-61,-79,-61
1385850266656641,27,2,-63,-83,-63
1385850271537822,26,2,-60,-78,-60
1385850271676422,26,2,-61,-76,-65
1385850272044293,26,2,-61,-76,-65
1385850272046659,26,2,-61,-76,-67
1385850272175364,26,2,-62,-75,-67
1385850272176363,26,2,-61,-74,-67
1385850272543089,26,2,-62,-73,-69
1385850272549286,26,2,-63,-73,-69
1385850272677418,26,2,-62,-73,-69
1385850272679870,26,2,-63,-74,-68
1385850277217031,25,2,-68,-76,-61
1385850277579825,25,2,-70,-76,-61
1385850277719253,25,2,-70,-77,-62
1385850278073936,25,2,-70,-77,-63
1385850278084612,25,2,-71,-77,-62
1385850278234246,25,2,-71,-77,-61
1385850278234648,25,2,-71,-77,-61
1385850278729074,25,2,-78,-80,-65
1385850278729481,25,2,-78,-81,-65
1385850279083556,25,2,-67,-78,-60
1385850283099835,24,2,-71,-80,-62
1385850283200540,24,2,-72,-81,-62
1385850283201002,24,2,-72,-80,-61
1385850283603695,24,2,-69,-82,-63
1385850283702460,24,2,-69,-83,-63
1385850283743925,24,2,-69,-82,-64
1385850283750035,24,2,-69,-82,-64
1385850284106313,24,2,-69,-81,-64
1385850284106572,24,2,-70,-81,-64
1385850284204327,24,2,-70,-82,-64
1385850284204719,24,2,-70,-82,-64
1385850287770986,23,2,-61,-81,-63
1385850287771950,23,2,-61,-80,-63
1385850288272355,23,2,-60,-82,-63
1385850289132219,23,2,-60,-81,-65
1385850290281798,23,2,-61,-81,-65
1385850292148625,23,2,-60,-81,-64
1385850293302442,23,2,-60,-81,-65
1385850298825083,23,2,-61,-82,-68
1385850302349843,23,2,-59,-81,-65
1385850303350893,23,2,-61,-81,-62
1385850307231751,22,2,-67,-79,-63
1385850307279428,22,2,-67,-80,-63
1385850307281283,22,2,-68,-79,-63
1385850307379294,22,2,-62,-80,-62
1385850307379704,22,2,-63,-79,-62
1385850307780357,22,2,-62,-79,-62
1385850307780900,22,2,-63,-79,-62
1385850307874879,22,2,-62,-79,-62
1385850307901613,22,2,-62,-79,-62
1385850308385876,22,2,-62,-80,-65
1385850313299393,21,2,-66,-81,-69
1385850313414452,21,2,-63,-81,-67
1385850314909572,21,2,-66,-77,-71
1385850317424760,21,2,-62,-82,-67
1385850322449462,21,2,-61,-81,-71
1385850323456260,21,2,-62,-82,-65
1385850323957716,21,2,-62,-83,-68
1385850327508173,21,2,-63,-82,-69
1385850333506188,21,2,-64,-82,-74
1385850335032478,21,2,-67,-81,-68
1385850343569738,20,2,-58,-80,-66
1385850345088147,20,2,-56,-79,-67
1385850347092132,20,2,-57,-79,-66
1385850352117663,20,2,-59,-82,-67
1385850352121554,20,2,-60,-81,-65
1385850353157841,20,2,-58,-82,-65
1385850353159747,20,2,-58,-81,-65
1385850353485253,20,2,-59,-82,-65
1385850355636668,20,2,-59,-78,-68
1385850357505939,20,2,-58,-81,-65
1385850362168023,19,2,-62,-80,-66
1385850363459870,19,2,-62,-81,-68
1385850363538872,19,2,-62,-81,-68
1385850365050965,19,2,-61,-82,-70
1385850368781503,19,2,-62,-82,-70
1385850369716260,19,2,-62,-81,-71
1385850373599188,19,2,-62,-82,-66
1385850376254432,19,2,-63,-82,-67
1385850376259195,19,2,-62,-82,-68
1385850376260956,19,2,-62,-83,-68
1385850382140613,18,2,-60,-77,-67
1385850382141495,18,2,-60,-77,-66
1385850382291209,18,2,-58,-79,-67
1385850382644239,18,2,-58,-81,-69
1385850382796419,18,2,-59,-81,-70
1385850383022791,18,2,-61,-79,-72
1385850383148027,18,2,-61,-80,-72
1385850383148996,18,2,-60,-80,-72
1385850383523950,18,2,-60,-81,-71
1385850384153195,18,2,-58,-79,-71
1385850400237607,17,2,-59,-80,-68
1385850400238471,17,2,-59,-80,-68
1385850402085313,17,2,-61,-82,-67
1385850403588697,17,2,-60,-80,-66
1385850404592448,17,2,-60,-82,-66
1385850405432202,17,2,-59,-81,-65
1385850407446095,17,2,-59,-81,-67
1385850407999649,17,2,-61,-83,-68
1385850408008515,17,2,-62,-85,-68
1385850408009814,17,2,-61,-84,-67
1385850415148552,16,2,-64,-79,-67
1385850415148785,16,2,-64,-79,-67
1385850415628716,16,2,-66,-79,-68
1385850417592925,16,2,-66,-82,-67
1385850419855580,16,2,-66,-83,-69
1385850423538335,16,2,-65,-82,-66
1385850426551388,16,2,-62,-79,-68
1385850427667493,16,2,-63,-81,-71
1385850427668799,16,2,-63,-82,-71
1385850427892941,16,2,-63,-81,-71
1385850433584893,15,2,-60,-80,-68
1385850436438106,15,2,-59,-84,-67
1385850437443616,15,2,-59,-82,-67
1385850438197312,15,2,-59,-82,-67
1385850439200405,15,2,-62,-83,-69
1385850439201797,15,2,-60,-83,-68
1385850439701551,15,2,-59,-82,-67
1385850443485747,15,2,-60,-83,-67
1385850447499729,15,2,-60,-79,-67
1385850451239153,15,2,-59,-81,-68
1385850472306564,14,2,-61,-83,-72
1385850472806563,14,2,-61,-85,-69
1385850472808127,14,2,-60,-86,-69
1385850472809048,14,2,-60,-84,-69
1385850473322042,14,2,-58,-83,-70
1385850477324861,14,2,-58,-81,-68
1385850481353710,14,2,-58,-83,-70
1385850483355350,14,2,-58,-83,-68
1385850487382279,14,2,-59,-83,-70
1385850487719307,14,2,-61,-83,-72
1385850493428711,13,2,-63,-81,-68
1385850493429135,13,2,-63,-80,-68
1385850493911264,13,2,-65,-78,-72
1385850494878512,13,2,-61,-79,-70
1385850497464480,13,2,-65,-81,-71
1385850498936473,13,2,-62,-80,-69
1385850499431861,13,2,-59,-80,-71
1385850503462215,13,2,-64,-81,-70
1385850503468829,13,2,-64,-84,-71
1385850503908597,13,2,-66,-82,-70
1385850537515313,11,2,-68,-81,-71
1385850537515760,11,2,-68,-82,-72
1385850539141332,11,2,-70,-82,-70
1385850540527977,11,2,-66,-81,-70
1385850542190234,11,2,-69,-82,-71
1385850542227272,11,2,-69,-81,-71
1385850543535694,11,2,-69,-82,-71
1385850544218212,11,2,-76,-82,-72
1385850547181980,11,2,-72,-82,-74
1385850547547798,11,2,-70,-80,-72
1385850547548388,11,2,-74,-82,-71
1385850554280126,10,2,-63,-80,-71
1385850556241406,10,2,-71,-81,-71
1385850556784751,10,2,-71,-81,-74
1385850556811437,10,2,-75,-81,-72
1385850557241936,10,2,-72,-80,-71
1385850557247121,10,2,-72,-80,-71
1385850557247450,10,2,-72,-80,-71
1385850557596624,10,2,-73,-80,-71
1385850557752773,10,2,-73,-81,-73
1385850558100615,10,2,-73,-80,-72
1385850564777122,9,2,-68,-80,-72
1385850564778959,9,2,-70,-80,-72
1385850565282545,9,2,-71,-81,-72
1385850565282813,9,2,-71,-82,-72
1385850565287569,9,2,-70,-83,-74
1385850565293469,9,2,-70,-82,-73
1385850565293822,9,2,-72,-80,-73
1385850565788764,9,2,-70,-80,-73
1385850565789124,9,2,-70,-81,-73
1385850565791423,9,2,-70,-81,-73
1385850565791643,9,2,-70,-82,-73
1385850565792013,9,2,-70,-81,-73
1385850565792218,9,2,-70,-82,-73
1385850575833145,8,2,-69,-78,-72
1385850576330643,8,2,-67,-78,-71
1385850576357372,8,2,-69,-77,-70
1385850576357870,8,2,-69,-78,-70
1385850576697245,8,2,-68,-79,-69
1385850577337712,8,2,-64,-81,-74
1385850577836885,8,2,-61,-77,-66
1385850577838363,8,2,-60,-76,-65
1385850578348191,8,2,-60,-76,-67
1385850578348600,8,2,-60,-76,-67
1385850578348768,8,2,-60,-76,-67
1385850578348971,8,2,-60,-76,-68
1385850584377142,7,2,-65,-81,-83
1385850584741713,7,2,-70,-76,-71
1385850584743126,7,2,-70,-76,-71
1385850584879198,7,2,-71,-78,-71
1385850584879584,7,2,-70,-78,-71
1385850585171106,7,2,-68,-77,-76
1385850585243425,7,2,-69,-77,-77
1385850585399863,7,2,-69,-76,-75
1385850585400225,7,2,-69,-76,-75
1385850585747894,7,2,-70,-76,-76
1385850590779441,6,2,-61,-78,-79
1385850590927090,6,2,-62,-76,-76
1385850591190612,6,2,-63,-76,-78
1385850591275665,6,2,-63,-75,-78
1385850591398364,6,2,-61,-75,-80
1385850591401016,6,2,-61,-75,-79
1385850591410941,6,2,-61,-75,-75
1385850591692307,6,2,-61,-76,-75
1385850591894856,6,2,-63,-76,-77
1385850592399203,6,2,-62,-77,-70
1385850597485347,5,2,-65,-81,-76
1385850597922426,5,2,-61,-77,-72
1385850598313985,5,2,-60,-78,-77
1385850598420788,5,2,-58,-77,-78
1385850598423912,5,2,-58,-77,-78
1385850598817159,5,2,-60,-77,-73
1385850598937917,5,2,-62,-77,-74
1385850598966422,5,2,-64,-77,-78
1385850599430519,5,2,-63,-77,-80
1385850599929973,5,2,-62,-77,-79
1385850603949144,4,2,-61,-77,-73
1385850603949716,4,2,-61,-77,-73
1385850604349304,4,2,-63,-76,-73
1385850604455747,4,2,-61,-76,-73
1385850604456111,4,2,-61,-76,-73
1385850604456704,4,2,-61,-76,-74
1385850604456990,4,2,-62,-75,-75
1385850604733529,4,2,-61,-77,-75
1385850604851238,4,2,-61,-76,-75
1385850604945235,4,2,-61,-77,-75
1385850610462508,3,2,-59,-79,-72
1385850610752861,3,2,-59,-79,-73
1385850611467973,3,2,-59,-82,-73
1385850613979663,3,2,-64,-77,-76
1385850614472641,3,2,-62,-79,-76
1385850614474132,3,2,-60,-79,-76
1385850614498130,3,2,-61,-79,-77
1385850614992888,3,2,-64,-77,-77
1385850614993147,3,2,-64,-77,-76
1385850615408516,3,2,-66,-78,-76
1385850623294225,2,2,-57,-78,-72
1385850623294637,2,2,-57,-79,-73
1385850623451128,2,2,-59,-78,-73
1385850623817714,2,2,-58,-77,-73
1385850623818918,2,2,-58,-77,-73
1385850623819636,2,2,-58,-77,-73
1385850623956652,2,2,-57,-78,-72
1385850624297310,2,2,-57,-77,-68
1385850624297730,2,2,-57,-78,-68
1385850624297995,2,2,-57,-77,-68
1385850637593089,1,2,-60,-82,-75
1385850640574562,1,2,-60,-81,-74
1385850641836622,1,2,-61,-80,-77
1385850642085149,1,2,-61,-80,-78
1385850642360175,1,2,-61,-80,-78
1385850645119024,1,2,-62,-82,-72
1385850645602036,1,2,-62,-83,-72
1385850647690706,1,2,-59,-81,-74
1385850647691895,1,2,-59,-81,-73
1385850647693894,1,2,-60,-83,-75
1385850652123885,0,2,-67,-80,-70
1385850652391315,0,2,-65,-82,-71
1385850652393395,0,2,-66,-82,-71
1385850652395601,0,2,-66,-82,-72
1385850652628371,0,2,-67,-81,-71
1385850654398516,0,2,-67,-83,-71
1385850654399728,0,2,-67,-83,-71
1385850657148136,0,2,-64,-80,-70
1385850657409110,0,2,-65,-79,-70
1385850662165622,0,2,-65,-78,-71
1385850710080902,0,3,-78,-86,-82
1385850713088313,0,3,-64,-82,-77
1385850713088595,0,3,-64,-83,-77
1385850713462411,0,3,-60,-82,-75
1385850713462771,0,3,-62,-83,-77
1385850713462972,0,3,-60,-84,-77
1385850713463194,0,3,-60,-83,-77
1385850713463474,0,3,-62,-84,-79
1385850713463675,0,3,-60,-83,-77
1385850713590480,0,3,-60,-82,-78
1385850713591265,0,3,-62,-83,-80
1385850742581599,1,3,-60,-79,-76
1385850742585866,1,3,-60,-79,-76
1385850743196334,1,3,-63,-80,-78
1385850743699306,1,3,-64,-79,-77
1385850743699688,1,3,-64,-79,-77
1385850743699917,1,3,-64,-80,-77
1385850744089970,1,3,-64,-80,-78
1385850744200715,1,3,-64,-79,-78
1385850744201082,1,3,-64,-79,-78
1385850744201465,1,3,-64,-80,-78
1385850752226690,2,3,-61,-79,-77
1385850752227210,2,3,-59,-79,-77
1385850753231094,2,3,-59,-77,-76
1385850753639884,2,3,-59,-76,-81
1385850753732227,2,3,-57,-78,-77
1385850754143636,2,3,-60,-78,-77
1385850754233329,2,3,-60,-76,-78
1385850754234256,2,3,-60,-78,-82
1385850754236842,2,3,-60,-78,-81
1385850754238296,2,3,-60,-78,-80
1385850763693860,3,3,-63,-78,-77
1385850763695641,3,3,-63,-77,-76
1385850763762926,3,3,-64,-77,-75
1385850764056022,3,3,-62,-77,-78
1385850764265332,3,3,-63,-77,-76
1385850764598313,3,3,-64,-77,-77
1385850764767013,3,3,-62,-79,-77
1385850764767449,3,3,-64,-79,-76
1385850765062481,3,3,-62,-78,-76
1385850765269086,3,3,-63,-77,-78
1385850765269765,3,3,-63,-77,-77
1385850769806039,4,3,-58,-77,-76
1385850770075861,4,3,-57,-73,-74
1385850770285014,4,3,-56,-74,-75
1385850770285833,4,3,-57,-73,-76
1385850770579946,4,3,-56,-74,-76
1385850770585496,4,3,-56,-74,-76
1385850770787392,4,3,-56,-74,-76
1385850771085782,4,3,-56,-74,-76
1385850771092767,4,3,-56,-74,-76
1385850771288199,4,3,-56,-75,-75
1385850771288608,4,3,-56,-75,-76
1385850777307764,5,3,-53,-74,-75
1385850777308431,5,3,-53,-74,-75
1385850777308848,5,3,-53,-74,-74
1385850777612446,5,3,-53,-74,-75
1385850777614148,5,3,-53,-74,-75
1385850777809488,5,3,-53,-74,-75
1385850777810014,5,3,-53,-74,-75
1385850778113171,5,3,-53,-74,-75
1385850778115680,5,3,-53,-73,-75
1385850778311012,5,3,-53,-73,-74
1385850778311309,5,3,-53,-74,-74
1385850783830126,6,3,-56,-78,-77
1385850784144598,6,3,-54,-79,-76
1385850784332191,6,3,-57,-77,-76
1385850784332817,6,3,-55,-78,-75
1385850784642046,6,3,-55,-78,-75
1385850784642335,6,3,-55,-78,-75
1385850784809251,6,3,-56,-76,-74
1385850784835655,6,3,-57,-75,-75
1385850784836060,6,3,-57,-75,-75
1385850784836696,6,3,-55,-74,-75
1385850791866080,7,3,-60,-80,-79
1385850794379785,7,3,-60,-80,-78
1385850797389359,7,3,-60,-81,-79
1385850797392159,7,3,-60,-80,-78
1385850797890180,7,3,-60,-80,-78
1385850799213616,7,3,-59,-80,-78
1385850799728783,7,3,-61,-80,-78
1385850801204708,7,3,-59,-77,-79
1385850801704643,7,3,-58,-81,-79
1385850802226885,7,3,-59,-74,-78
1385850807428092,8,3,-59,-81,-77
1385850808942320,8,3,-58,-79,-78
1385850809439164,8,3,-58,-78,-79
1385850809947905,8,3,-59,-81,-80
1385850810244449,8,3,-60,-82,-83
1385850810245570,8,3,-60,-82,-83
1385850810949826,8,3,-58,-79,-78
1385850813464281,8,3,-58,-78,-79
1385850814470922,8,3,-59,-76,-79
1385850814894771,8,3,-59,-78,-80
1385850822511381,9,3,-58,-77,-73
1385850822513663,9,3,-57,-77,-74
1385850822801660,9,3,-55,-75,-77
1385850823013819,9,3,-53,-77,-77
1385850823014853,9,3,-53,-78,-77
1385850824523798,9,3,-56,-78,-83
1385850825529477,9,3,-57,-78,-79
1385850825530568,9,3,-57,-77,-78
1385850826031105,9,3,-58,-77,-78
1385850827540571,9,3,-57,-78,-77
1385850838605407,10,3,-60,-82,-74
1385850841882792,10,3,-60,-80,-73
1385850844638527,10,3,-61,-81,-71
1385850845139498,10,3,-59,-81,-73
1385850845641790,10,3,-60,-81,-72
1385850845650836,10,3,-61,-78,-70
1385850846399678,10,3,-59,-81,-76
1385850846649337,10,3,-60,-81,-71
1385850846651215,10,3,-61,-79,-75
1385850846651612,10,3,-61,-80,-75
1385850853185773,11,3,-63,-81,-72
1385850853569788,11,3,-66,-80,-73
1385850853695427,11,3,-65,-81,-72
1385850854573444,11,3,-64,-84,-71
1385850854704251,11,3,-63,-81,-72
1385850854705247,11,3,-63,-80,-72
1385850855194501,11,3,-64,-81,-71
1385850855195695,11,3,-64,-81,-71
1385850857712130,11,3,-63,-77,-68
1385850857720887,11,3,-64,-80,-68
1385850857721160,11,3,-64,-80,-68
1385850871791241,13,3,-65,-79,-70
1385850872631435,13,3,-65,-79,-70
1385850873084514,13,3,-64,-77,-71
1385850873133311,13,3,-66,-80,-73
1385850873807984,13,3,-67,-77,-74
1385850874033224,13,3,-66,-81,-74
1385850874309226,13,3,-68,-81,-72
1385850874807792,13,3,-67,-82,-74
1385850875308903,13,3,-67,-82,-73
1385850875817577,13,3,-68,-77,-71
1385850884377825,14,3,-68,-80,-73
1385850884745232,14,3,-68,-80,-75
1385850884867835,14,3,-68,-81,-72
1385850884869170,14,3,-68,-81,-72
1385850885477348,14,3,-68,-82,-73
1385850885527317,14,3,-68,-82,-73
1385850885549791,14,3,-67,-81,-72
1385850885731959,14,3,-68,-82,-73
1385850885732240,14,3,-68,-79,-72
1385850885871204,14,3,-69,-82,-75
1385850890055409,15,3,-71,-76,-68
1385850890103854,15,3,-67,-76,-68
1385850890404673,15,3,-69,-78,-68
1385850890690085,15,3,-69,-78,-68
1385850890904747,15,3,-71,-78,-68
1385850890905272,15,3,-71,-78,-68
1385850891114465,15,3,-71,-77,-69
1385850891191527,15,3,-71,-77,-68
1385850891403540,15,3,-67,-77,-68
1385850891406697,15,3,-69,-76,-68
1385850891407160,15,3,-69,-77,-68
1385850895847090,16,3,-70,-75,-71
1385850896121991,16,3,-66,-75,-71
1385850896208773,16,3,-68,-75,-70
1385850896434883,16,3,-68,-74,-70
1385850896629823,16,3,-68,-74,-70
1385850896710754,16,3,-66,-76,-71
1385850896711156,16,3,-66,-76,-70
1385850897210872,16,3,-65,-77,-70
1385850897211225,16,3,-66,-77,-70
1385850897211679,16,3,-66,-77,-71
1385850905019169,17,3,-70,-75,-68
1385850905237341,17,3,-75,-74,-68
1385850905493142,17,3,-73,-74,-69
1385850905494533,17,3,-74,-75,-70
1385850905495987,17,3,-76,-76,-70
1385850905738754,17,3,-77,-75,-69
1385850906070991,17,3,-75,-74,-68
1385850906080041,17,3,-76,-76,-68
1385850906080412,17,3,-76,-75,-69
1385850907202489,17,3,-76,-76,-69
1385850907202906,17,3,-72,-74,-69
1385850912190162,18,3,-71,-79,-69
1385850912523546,18,3,-68,-80,-69
1385850912814512,18,3,-68,-81,-69
1385850912814895,18,3,-68,-81,-69
1385850912816171,18,3,-68,-81,-70
1385850912816420,18,3,-69,-79,-69
1385850913734249,18,3,-68,-80,-69
1385850913774596,18,3,-67,-80,-69
1385850914199964,18,3,-67,-79,-69
1385850914200397,18,3,-67,-79,-69
1385850917778288,19,3,-70,-77,-70
1385850918217555,19,3,-68,-79,-70
1385850919694262,19,3,-66,-77,-71
1385850919700321,19,3,-63,-76,-67
1385850919700746,19,3,-63,-74,-67
1385850919700931,19,3,-63,-77,-67
1385850920062172,19,3,-63,-77,-66
1385850920068134,19,3,-63,-77,-67
1385850920068438,19,3,-65,-77,-68
1385850920070746,19,3,-63,-77,-67
1385850923798409,20,3,-66,-73,-66
1385850923798717,20,3,-67,-73,-66
1385850924237230,20,3,-68,-72,-67
1385850924298633,20,3,-68,-72,-67
1385850924299043,20,3,-69,-73,-67
1385850924299479,20,3,-67,-73,-67
1385850924588278,20,3,-68,-73,-67
1385850924603209,20,3,-68,-72,-66
1385850924855751,20,3,-68,-73,-67
1385850924856261,20,3,-68,-72,-67
1385850924856580,20,3,-67,-72,-67
1385850932191614,21,3,-70,-73,-66
1385850932198010,21,3,-70,-73,-66
1385850932241381,21,3,-71,-69,-65
1385850932269169,21,3,-71,-70,-65
1385850932300177,21,3,-71,-80,-66
1385850932631622,21,3,-69,-79,-66
1385850932824664,21,3,-68,-81,-66
1385850932826381,21,3,-71,-81,-66
1385850932826878,21,3,-71,-81,-66
1385850932875111,21,3,-73,-78,-66
1385850936839731,22,3,-67,-73,-66
1385850936840415,22,3,-67,-74,-64
1385850936844157,22,3,-67,-75,-64
1385850937304509,22,3,-64,-75,-65
1385850937370721,22,3,-63,-76,-65
1385850937843994,22,3,-66,-74,-66
1385850938510955,22,3,-66,-72,-66
1385850938536670,22,3,-67,-72,-66
1385850938537278,22,3,-67,-72,-66
1385850938677136,22,3,-67,-73,-65
1385850943858514,23,3,-59,-77,-67
1385850943858923,23,3,-59,-78,-67
1385850943859206,23,3,-59,-76,-67
1385850943859538,23,3,-60,-78,-66
1385850944359694,23,3,-61,-76,-66
1385850944864968,23,3,-62,-77,-65
1385850944875861,23,3,-62,-77,-65
1385850944888926,23,3,-62,-76,-65
1385850944899779,23,3,-62,-78,-66
1385850945364722,23,3,-62,-78,-65
1385850945365183,23,3,-61,-76,-64
1385850950884941,24,3,-61,-82,-63
1385850951394451,24,3,-62,-85,-63
1385850951394756,24,3,-63,-83,-62
1385850951901588,24,3,-62,-82,-63
1385850951901983,24,3,-60,-79,-61
1385850951935690,24,3,-60,-80,-61
1385850952433384,24,3,-62,-80,-62
1385850952433783,24,3,-64,-82,-62
1385850952434086,24,3,-63,-79,-62
1385850952750986,24,3,-64,-78,-64
1385850961166303,25,3,-69,-72,-64
1385850961166645,25,3,-70,-71,-63
1385850961166860,25,3,-70,-71,-63
1385850961167153,25,3,-69,-70,-64
1385850961167357,25,3,-69,-71,-63
1385850961515551,25,3,-68,-72,-63
1385850961516532,25,3,-68,-72,-64
1385850961516766,25,3,-69,-73,-64
1385850961517018,25,3,-68,-72,-64
1385850961517235,25,3,-67,-72,-63
1385850961517449,25,3,-69,-72,-63
1385850961517743,25,3,-68,-72,-64
1385850964950055,26,3,-67,-74,-66
1385850965316958,26,3,-68,-75,-64
1385850965450077,26,3,-68,-75,-65
1385850965457377,26,3,-70,-75,-66
1385850965822868,26,3,-68,-74,-64
1385850965991530,26,3,-68,-73,-63
1385850966000861,26,3,-68,-75,-63
1385850966015077,26,3,-68,-75,-63
1385850966015648,26,3,-68,-75,-63
1385850966090318,26,3,-67,-73,-63
1385850970490978,27,3,-60,-75,-60
1385850970551576,27,3,-60,-74,-60
1385850970566984,27,3,-60,-74,-61
1385850971217022,27,3,-61,-76,-61
1385850971217307,27,3,-60,-74,-61
1385850971217506,27,3,-60,-75,-62
1385850971217675,27,3,-60,-74,-61
1385850971217941,27,3,-60,-74,-62
1385850971218070,27,3,-61,-76,-62
1385850971218193,27,3,-61,-75,-62
1385850975876018,28,3,-66,-75,-62
1385850975877015,28,3,-67,-76,-62
1385850975971369,28,3,-66,-75,-62
1385850976008761,28,3,-65,-75,-62
1385850976062134,28,3,-66,-75,-62
1385850976393552,28,3,-66,-75,-62
1385850976472166,28,3,-66,-76,-62
1385850976500790,28,3,-66,-75,-61
1385850977184452,28,3,-65,-76,-61
1385850977185123,28,3,-64,-75,-61
1385850977185414,28,3,-65,-75,-61
1385850977185624,28,3,-67,-75,-61
1385850977185933,28,3,-67,-75,-61
1385850977186155,28,3,-67,-75,-62
1385850977186339,28,3,-67,-75,-62
1385850977186451,28,3,-67,-74,-62
1385850984037985,29,3,-72,-72,-60
1385850984049948,29,3,-72,-74,-59
1385850984530137,29,3,-73,-75,-60
1385850984544753,29,3,-73,-75,-59
1385850984545765,29,3,-73,-75,-60
1385850984556829,29,3,-71,-74,-59
1385850984928955,29,3,-70,-75,-59
1385850984935202,29,3,-71,-74,-59
1385850985094391,29,3,-72,-76,-59
1385850985094945,29,3,-72,-75,-59
1385850985095129,29,3,-82,-83,-59
1385851022479021,29,4,-69,-73,-62
1385851023085253,29,4,-69,-76,-63
1385851023085639,29,4,-67,-77,-62
1385851023085777,29,4,-67,-77,-63
1385851023142444,29,4,-66,-76,-62
1385851023700063,29,4,-67,-77,-61
1385851023700353,29,4,-67,-77,-63
1385851023700599,29,4,-67,-76,-63
1385851024067366,29,4,-67,-77,-61
1385851026340934,29,4,-69,-76,-60
1385851026341312,29,4,-69,-78,-60
1385851026341595,29,4,-69,-78,-60
1385851026341750,29,4,-69,-77,-60
1385851026341893,29,4,-73,-77,-67
1385851026342130,29,4,-68,-77,-60
1385851026342347,29,4,-68,-76,-61
1385851026342463,29,4,-68,-77,-61
1385851026342588,29,4,-68,-76,-62
1385851026342729,29,4,-68,-77,-62
1385851026342813,29,4,-68,-77,-62
1385851026342896,29,4,-68,-77,-60
1385851034302844,28,4,-72,-78,-69
1385851038571109,28,4,-70,-75,-61
1385851039754706,28,4,-67,-78,-62
1385851048978876,28,4,-63,-77,-62
1385851048979246,28,4,-64,-78,-62
1385851048979630,28,4,-65,-78,-65
1385851048979793,28,4,-64,-76,-63
1385851048980053,28,4,-65,-76,-65
1385851049350112,28,4,-64,-77,-64
1385851049350351,28,4,-64,-76,-65
1385851049350484,28,4,-77,-82,-64
1385851049350615,28,4,-65,-75,-65
1385851049350748,28,4,-65,-77,-63
1385851049350866,28,4,-66,-78,-63
1385851049351027,28,4,-65,-76,-63
1385851054022294,27,4,-66,-78,-63
1385851054022650,27,4,-64,-80,-62
1385851054023001,27,4,-66,-78,-62
1385851054023336,27,4,-66,-78,-39
1385851054023551,27,4,-66,-78,-63
1385851054023734,27,4,-66,-79,-63
1385851054150984,27,4,-66,-79,-63
1385851054151532,27,4,-67,-77,-62
1385851054151830,27,4,-66,-77,-62
1385851054152297,27,4,-67,-79,-63
1385851054152523,27,4,-66,-77,-63
1385851054152715,27,4,-66,-77,-62
1385851054152993,27,4,-66,-76,-62
1385851054153103,27,4,-66,-79,-62
1385851054153192,27,4,-66,-78,-62
1385851054153259,27,4,-66,-77,-62
1385851054153396,27,4,-67,-79,-62
1385851059963406,26,4,-67,-76,-61
1385851060905088,26,4,-69,-78,-62
1385851060905541,26,4,-68,-76,-61
1385851060905762,26,4,-69,-77,-61
1385851060905901,26,4,-67,-80,-60
1385851062594397,26,4,-69,-75,-63
1385851062594594,26,4,-70,-75,-62
1385851062594746,26,4,-68,-76,-61
1385851062594896,26,4,-69,-74,-62
1385851062595045,26,4,-68,-75,-62
1385851062595149,26,4,-67,-74,-62
1385851062595313,26,4,-69,-74,-61
1385851062595473,26,4,-69,-74,-62
1385851067464557,25,4,-71,-79,-62
1385851067542386,25,4,-70,-76,-60
1385851067548572,25,4,-69,-77,-60
1385851067766569,25,4,-70,-79,-62
1385851067984832,25,4,-70,-76,-61
1385851067992079,25,4,-70,-76,-61
1385851068073111,25,4,-70,-77,-60
1385851068083430,25,4,-69,-78,-60
1385851068575025,25,4,-69,-81,-61
1385851069241089,25,4,-70,-78,-61
1385851069241586,25,4,-67,-77,-62
1385851069241859,25,4,-69,-80,-68
1385851069242048,25,4,-68,-77,-62
1385851069242224,25,4,-71,-75,-61
1385851080054493,24,4,-64,-76,-62
1385851080067406,24,4,-62,-75,-62
1385851080072819,24,4,-62,-74,-62
1385851080571785,24,4,-63,-76,-62
1385851080579373,24,4,-64,-77,-62
1385851080619745,24,4,-64,-76,-62
1385851080807453,24,4,-63,-75,-62
1385851081062940,24,4,-64,-75,-61
1385851081080975,24,4,-63,-76,-62
1385851081088676,24,4,-64,-76,-62
1385851085824558,23,4,-61,-74,-63
1385851085990474,23,4,-62,-73,-63
1385851086110367,23,4,-62,-73,-62
1385851086145867,23,4,-65,-74,-63
1385851086326250,23,4,-63,-74,-62
1385851086495851,23,4,-63,-74,-63
1385851086623124,23,4,-63,-76,-63
1385851086651563,23,4,-63,-75,-63
1385851086662437,23,4,-64,-75,-62
1385851086827964,23,4,-63,-75,-64
1385851110736332,22,4,-62,-76,-61
1385851110905936,22,4,-62,-74,-61
1385851111217725,22,4,-63,-73,-62
1385851111270074,22,4,-64,-73,-62
1385851111300710,22,4,-64,-73,-63
1385851111406772,22,4,-64,-73,-64
1385851111426529,22,4,-64,-73,-64
1385851111636290,22,4,-63,-74,-63
1385851111718640,22,4,-62,-71,-63
1385851111767563,22,4,-62,-72,-65
1385851117896132,21,4,-66,-73,-63
1385851117896714,21,4,-65,-75,-63
1385851118171208,21,4,-66,-80,-65
1385851118428235,21,4,-67,-79,-66
1385851118428721,21,4,-67,-81,-67
1385851118429102,21,4,-66,-80,-64
1385851118429485,21,4,-68,-79,-65
1385851118673201,21,4,-68,-80,-66
1385851118948604,21,4,-66,-78,-63
1385851118949522,21,4,-66,-79,-63
1385851118949994,21,4,-66,-78,-63
1385851123491461,20,4,-68,-79,-63
1385851123948436,20,4,-68,-80,-63
1385851123949058,20,4,-68,-80,-65
1385851123949913,20,4,-68,-79,-65
1385851125308333,20,4,-66,-78,-64
1385851125793705,20,4,-67,-77,-63
1385851125841844,20,4,-67,-82,-63
1385851126086497,20,4,-66,-77,-64
1385851126391182,20,4,-67,-77,-63
1385851126391601,20,4,-67,-77,-63
1385851126391851,20,4,-67,-77,-64
1385851130467641,19,4,-60,-76,-67
1385851130468341,19,4,-62,-75,-69
1385851131192186,19,4,-60,-75,-74
1385851131250567,19,4,-60,-75,-75
1385851131471096,19,4,-61,-76,-78
1385851131471633,19,4,-61,-79,-79
1385851131843899,19,4,-60,-78,-77
1385851131998123,19,4,-61,-73,-70
1385851132001762,19,4,-62,-74,-70
1385851132002303,19,4,-62,-76,-71
1385851136172580,18,4,-61,-75,-69
1385851136197856,18,4,-62,-73,-86
1385851136354387,18,4,-59,-75,-74
1385851136389066,18,4,-62,-78,-72
1385851136416256,18,4,-61,-77,-72
1385851136697276,18,4,-61,-76,-73
1385851136697994,18,4,-63,-79,-69
1385851136703105,18,4,-62,-77,-66
1385851136749323,18,4,-63,-75,-65
1385851136752961,18,4,-62,-76,-65
1385851136753296,18,4,-63,-73,-65
1385851140501314,17,4,-63,-78,-67
1385851141003397,17,4,-66,-77,-66
1385851141004217,17,4,-67,-76,-66
1385851141377819,17,4,-68,-76,-67
1385851141503887,17,4,-68,-75,-67
1385851141504341,17,4,-68,-76,-67
1385851141504689,17,4,-69,-76,-67
1385851142074064,17,4,-70,-75,-68
1385851142074349,17,4,-69,-75,-86
1385851142074496,17,4,-68,-73,-68
1385851147414107,16,4,-69,-78,-66
1385851147522608,16,4,-67,-77,-66
1385851147836364,16,4,-65,-77,-66
1385851147913485,16,4,-65,-76,-66
1385851148025115,16,4,-66,-76,-65
1385851148025600,16,4,-67,-76,-66
1385851148339300,16,4,-68,-75,-65
1385851148527333,16,4,-70,-79,-65
1385851148527732,16,4,-68,-75,-65
1385851148528865,16,4,-68,-76,-65
1385851155549083,15,4,-68,-82,-70
1385851155549790,15,4,-69,-85,-70
1385851155550264,15,4,-66,-83,-69
1385851156050295,15,4,-68,-80,-69
1385851156050710,15,4,-68,-80,-69
1385851156051097,15,4,-68,-80,-70
1385851156051375,15,4,-67,-80,-70
1385851156051670,15,4,-66,-81,-68
1385851157052048,15,4,-68,-81,-73
1385851157052812,15,4,-70,-81,-73
1385851163442166,14,4,-75,-78,-75
1385851163577817,14,4,-71,-74,-76
1385851163678094,14,4,-70,-78,-76
1385851164077401,14,4,-70,-79,-74
1385851164110360,14,4,-72,-73,-73
1385851164644548,14,4,-71,-78,-72
1385851164644820,14,4,-71,-78,-72
1385851164645045,14,4,-71,-76,-71
1385851165288019,14,4,-70,-76,-73
1385851165336522,14,4,-69,-74,-72
1385851165337138,14,4,-70,-75,-73
1385851171260028,13,4,-63,-80,-73
1385851171260511,13,4,-60,-78,-74
1385851171260801,13,4,-60,-79,-73
1385851171262665,13,4,-61,-81,-77
1385851171308015,13,4,-64,-76,-74
1385851171314074,13,4,-75,-79,-71
1385851172182994,13,4,-69,-77,-73
1385851174186966,13,4,-70,-75,-73
1385851174187270,13,4,-71,-76,-74
1385851176267204,13,4,-70,-76,-71
1385851192273580,11,4,-69,-79,-78
1385851192274095,11,4,-69,-79,-78
1385851192823158,11,4,-67,-79,-78
1385851192823389,11,4,-65,-77,-77
1385851192823630,11,4,-66,-76,-77
1385851192823911,11,4,-68,-77,-79
1385851193198498,11,4,-65,-79,-79
1385851193282226,11,4,-68,-79,-78
1385851193282716,11,4,-68,-80,-77
1385851193981265,11,4,-66,-79,-81
1385851193981727,11,4,-64,-77,-82
1385851199226295,10,4,-63,-84,-79
1385851199234286,10,4,-68,-83,-76
1385851199292413,10,4,-67,-81,-77
1385851199299744,10,4,-65,-81,-77
1385851199693688,10,4,-65,-80,-73
1385851199693986,10,4,-65,-80,-73
1385851200193238,10,4,-64,-78,-73
1385851200193590,10,4,-65,-78,-77
1385851200194058,10,4,-65,-79,-76
1385851200194343,10,4,-65,-79,-77
1385851205237355,9,4,-64,-86,-82
1385851206277986,9,4,-63,-84,-77
1385851206522066,9,4,-62,-80,-76
1385851207237660,9,4,-60,-83,-75
1385851208252346,9,4,-61,-83,-74
1385851208779956,9,4,-62,-84,-76
1385851209280340,9,4,-61,-82,-75
1385851209287665,9,4,-61,-82,-75
1385851210758104,9,4,-62,-85,-78
1385851211263629,9,4,-62,-84,-78
1385851211264354,9,4,-63,-85,-78
1385851215744475,8,4,-61,-81,-77
1385851215744964,8,4,-61,-81,-76
1385851217713712,8,4,-60,-82,-77
1385851217786822,8,4,-60,-81,-76
1385851217876115,8,4,-59,-80,-77
1385851218308534,8,4,-60,-80,-77
1385851218349620,8,4,-60,-80,-76
1385851218753007,8,4,-60,-80,-76
1385851219254454,8,4,-60,-80,-75
1385851219299136,8,4,-61,-78,-75
1385851224945866,7,4,-58,-79,-70
1385851225430298,7,4,-60,-82,-76
1385851227799633,7,4,-58,-82,-72
1385851227856170,7,4,-57,-82,-72
1385851227865957,7,4,-57,-84,-71
1385851228290984,7,4,-58,-83,-72
1385851228797974,7,4,-58,-84,-72
1385851229355570,7,4,-58,-83,-73
1385851229858589,7,4,-56,-81,-71
1385851230874046,7,4,-58,-84,-73
1385851235419989,6,4,-58,-78,-76
1385851235452325,6,4,-58,-80,-76
1385851235803566,6,4,-58,-80,-76
1385851236370717,6,4,-58,-81,-76
1385851236435451,6,4,-58,-80,-77
1385851236806421,6,4,-58,-79,-78
1385851236919456,6,4,-57,-80,-77
1385851236922517,6,4,-56,-80,-75
1385851236939699,6,4,-78,-78,-75
1385851237343680,6,4,-58,-80,-77
1385851243327477,5,4,-55,-82,-73
1385851243464581,5,4,-54,-82,-74
1385851243829084,5,4,-55,-82,-75
1385851244475231,5,4,-55,-81,-76
1385851244482811,5,4,-55,-82,-75
1385851244579577,5,4,-55,-83,-77
1385851244883125,5,4,-55,-82,-77
1385851244999172,5,4,-56,-84,-76
1385851245908010,5,4,-56,-83,-77
1385851245910025,5,4,-55,-82,-76
1385851250350023,4,4,-60,-77,-77
1385851250500585,4,4,-59,-80,-76
1385851250851684,4,4,-61,-76,-76
1385851251028335,4,4,-61,-75,-75
1385851251033330,4,4,-61,-74,-74
1385851251051201,4,4,-65,-76,-74
1385851251353556,4,4,-61,-77,-75
1385851251353854,4,4,-63,-76,-75
1385851251354093,4,4,-62,-76,-75
1385851251525875,4,4,-63,-75,-75
1385851251526468,4,4,-63,-75,-75
1385851263723813,3,4,-61,-80,-78
1385851264031000,3,4,-63,-79,-79
1385851266803039,3,4,-65,-75,-80
1385851266881725,3,4,-63,-78,-79
1385851266882226,3,4,-63,-78,-79
1385851267907090,3,4,-64,-78,-80
1385851268001316,3,4,-63,-77,-81
1385851268001748,3,4,-63,-76,-79
1385851268026466,3,4,-63,-77,-79
1385851268031675,3,4,-62,-77,-81
1385851273152745,2,4,-71,-76,-77
1385851273424282,2,4,-71,-78,-81
1385851273543139,2,4,-72,-78,-78
1385851273702641,2,4,-73,-79,-79
1385851273709245,2,4,-72,-79,-80
1385851273777955,2,4,-73,-77,-81
1385851273925893,2,4,-72,-77,-81
1385851273926585,2,4,-72,-77,-79
1385851274043353,2,4,-71,-78,-81
1385851274168972,2,4,-76,-79,-80
1385851274169472,2,4,-77,-77,-81
1385851280697673,1,4,-60,-78,-72
1385851280722692,1,4,-62,-79,-73
1385851281162732,1,4,-61,-80,-74
1385851281179310,1,4,-61,-79,-73
1385851281179901,1,4,-62,-79,-73
1385851281186762,1,4,-62,-78,-73
1385851281222958,1,4,-61,-76,-71
1385851281587476,1,4,-64,-78,-72
1385851282173341,1,4,-63,-79,-72
1385851282174364,1,4,-71,-78,-71
1385851286974987,0,4,-73,-87,-76
1385851287116098,0,4,-76,-86,-78
1385851287233521,0,4,-80,-85,-81
1385851287469921,0,4,-82,-87,-80
1385851287470219,0,4,-81,-86,-80
1385851287971585,0,4,-76,-84,-81
1385851287971907,0,4,-78,-85,-82
1385851287972132,0,4,-79,-83,-82
1385851288124163,0,4,-78,-83,-81
1385851288400984,0,4,-74,-82,-78
1385851337129570,0,5,-59,-79,-84
1385851337129934,0,5,-59,-80,-83
1385851337131248,0,5,-60,-83,-79
1385851337460272,0,5,-59,-80,-80
1385851337463215,0,5,-59,-81,-83
1385851337631298,0,5,-59,-80,-81
1385851337631569,0,5,-60,-81,-82
1385851337631733,0,5,-60,-82,-81
1385851337631924,0,5,-60,-83,-83
1385851337976031,0,5,-59,-81,-83
1385851337976631,0,5,-59,-81,-83
1385851375253201,1,5,-67,-81,-74
1385851375655937,1,5,-69,-84,-75
1385851375656216,1,5,-68,-84,-76
1385851375754902,1,5,-68,-83,-76
1385851376092321,1,5,-67,-81,-76
1385851376156853,1,5,-67,-81,-76
1385851376161228,1,5,-67,-82,-76
1385851376256206,1,5,-69,-81,-77
1385851376256720,1,5,-66,-82,-75
1385851376256974,1,5,-66,-82,-75
1385851381117261,2,5,-58,-80,-77
1385851381118801,2,5,-58,-81,-77
1385851381272760,2,5,-59,-82,-79
1385851381273104,2,5,-59,-81,-79
1385851381273440,2,5,-60,-81,-80
1385851381633491,2,5,-60,-83,-81
1385851381633867,2,5,-60,-83,-82
1385851381774403,2,5,-60,-82,-83
1385851381774742,2,5,-60,-82,-82
1385851381775040,2,5,-62,-81,-80
1385851387293265,3,5,-58,-81,-80
1385851387793834,3,5,-57,-77,-81
1385851387794168,3,5,-57,-79,-82
1385851388157997,3,5,-58,-77,-80
1385851388295522,3,5,-58,-76,-83
1385851388796540,3,5,-59,-76,-83
1385851388796906,3,5,-58,-78,-81
1385851389164632,3,5,-58,-78,-80
1385851389298649,3,5,-58,-78,-80
1385851389299008,3,5,-59,-77,-77
1385851393311811,4,5,-56,-74,-77
1385851393312144,4,5,-56,-74,-76
1385851393312356,4,5,-56,-74,-76
1385851393780929,4,5,-54,-76,-76
1385851393813004,4,5,-54,-76,-76
1385851393813295,4,5,-54,-75,-77
1385851393813739,4,5,-56,-75,-77
1385851394314782,4,5,-58,-76,-83
1385851395317059,4,5,-58,-81,-76
1385851395817733,4,5,-58,-80,-77
1385851395818112,4,5,-58,-80,-76
1385851401838930,5,5,-54,-80,-77
1385851401840125,5,5,-54,-80,-79
1385851402233090,5,5,-54,-74,-80
1385851402236803,5,5,-54,-74,-80
1385851402341478,5,5,-53,-74,-80
1385851402341990,5,5,-53,-74,-80
1385851402342745,5,5,-54,-74,-80
1385851402856113,5,5,-52,-75,-78
1385851402856495,5,5,-53,-75,-78
1385851402856733,5,5,-52,-74,-78
1385851402856926,5,5,-56,-77,-78
1385851410380566,6,5,-57,-73,-77
1385851410380899,6,5,-56,-73,-77
1385851410382732,6,5,-57,-73,-77
1385851410778105,6,5,-57,-73,-78
1385851410881796,6,5,-56,-73,-78
1385851410882093,6,5,-56,-73,-78
1385851410882600,6,5,-56,-73,-79
1385851410886178,6,5,-57,-73,-77
1385851411280891,6,5,-57,-73,-75
1385851411383500,6,5,-57,-72,-75
1385851411383909,6,5,-57,-72,-75
1385851418438211,7,5,-59,-82,-68
1385851419940843,7,5,-58,-79,-70
1385851419945706,7,5,-61,-78,-69
1385851420330525,7,5,-60,-77,-70
1385851420460360,7,5,-59,-78,-70
1385851420460681,7,5,-59,-78,-70
1385851420460848,7,5,-59,-78,-71
1385851420460978,7,5,-59,-80,-73
1385851421455296,7,5,-63,-80,-71
1385851421455742,7,5,-62,-80,-71
1385851425983832,8,5,-60,-75,-80
1385851426546535,8,5,-60,-79,-76
1385851426547080,8,5,-60,-77,-75
1385851426979543,8,5,-63,-80,-76
1385851428010188,8,5,-61,-77,-73
1385851428012422,8,5,-61,-78,-74
1385851428374121,8,5,-62,-76,-74
1385851428498791,8,5,-61,-76,-73
1385851428499204,8,5,-61,-76,-73
1385851428500565,8,5,-60,-76,-74
1385851432938352,9,5,-60,-79,-75
1385851432938699,9,5,-60,-79,-76
1385851433398599,9,5,-62,-78,-73
1385851433441347,9,5,-60,-78,-74
1385851433535605,9,5,-61,-80,-77
1385851433538004,9,5,-61,-76,-78
1385851433902073,9,5,-59,-77,-76
1385851433942596,9,5,-59,-76,-76
1385851433943022,9,5,-59,-77,-75
1385851434039282,9,5,-61,-77,-75
1385851438058147,10,5,-62,-77,-71
1385851438457054,10,5,-67,-78,-70
1385851438562228,10,5,-70,-77,-69
1385851438958822,10,5,-64,-77,-75
1385851439131654,10,5,-65,-77,-76
1385851439460370,10,5,-64,-77,-75
1385851439460895,10,5,-64,-78,-74
1385851439572154,10,5,-65,-77,-75
1385851440069546,10,5,-62,-78,-74
1385851440073773,10,5,-61,-78,-72
1385851447119080,11,5,-64,-81,-68
1385851447485823,11,5,-62,-81,-69
1385851447486409,11,5,-63,-79,-68
1385851448121775,11,5,-68,-79,-70
1385851448489247,11,5,-69,-78,-68
1385851449994044,11,5,-74,-78,-74
1385851450137601,11,5,-66,-74,-75
1385851450642291,11,5,-64,-76,-78
1385851450642618,11,5,-66,-78,-78
1385851450665298,11,5,-66,-79,-78
1385851460044754,13,5,-64,-77,-74
1385851460547781,13,5,-64,-77,-74
1385851460728748,13,5,-67,-74,-77
1385851461049702,13,5,-67,-75,-81
1385851461212292,13,5,-68,-75,-76
1385851461213307,13,5,-71,-75,-74
1385851461552686,13,5,-73,-75,-74
1385851461554786,13,5,-72,-75,-72
1385851461710592,13,5,-72,-75,-72
1385851461711408,13,5,-72,-74,-72
1385851466759064,14,5,-67,-78,-67
1385851467087791,14,5,-67,-77,-67
1385851467238755,14,5,-66,-76,-67
1385851467254499,14,5,-67,-77,-67
1385851467254826,14,5,-71,-79,-70
1385851467255143,14,5,-71,-79,-70
1385851467551105,14,5,-70,-79,-69
1385851467592734,14,5,-67,-79,-67
1385851467592996,14,5,-67,-79,-69
1385851467593300,14,5,-67,-80,-68
1385851472272845,15,5,-59,-80,-67
1385851472614809,15,5,-59,-80,-67
1385851472615198,15,5,-59,-80,-67
1385851472774409,15,5,-67,-79,-68
1385851473279590,15,5,-71,-81,-69
1385851474275471,15,5,-69,-80,-69
1385851474624215,15,5,-74,-78,-68
1385851474624651,15,5,-73,-78,-67
1385851474780232,15,5,-75,-78,-66
1385851475124382,15,5,-72,-77,-67
1385851478585823,16,5,-65,-76,-63
1385851478645673,16,5,-65,-77,-64
1385851478646580,16,5,-65,-78,-64
1385851478646791,16,5,-65,-78,-64
1385851478797305,16,5,-65,-77,-64
1385851478799110,16,5,-67,-81,-63
1385851479088151,16,5,-67,-81,-63
1385851479145527,16,5,-67,-79,-62
1385851479146373,16,5,-67,-78,-62
1385851479147183,16,5,-67,-78,-62
1385851485608964,17,5,-62,-75,-66
1385851485609407,17,5,-62,-76,-66
1385851485845399,17,5,-61,-76,-66
1385851485846807,17,5,-62,-76,-69
1385851486110769,17,5,-62,-77,-70
1385851486111098,17,5,-61,-77,-69
1385851486356234,17,5,-69,-77,-68
1385851486359959,17,5,-69,-76,-68
1385851486360257,17,5,-67,-79,-68
1385851486612442,17,5,-69,-79,-70
1385851486612756,17,5,-69,-79,-69
1385851486612911,17,5,-69,-79,-69
1385851490623444,18,5,-61,-74,-62
1385851490871979,18,5,-59,-75,-62
1385851490876103,18,5,-59,-74,-62
1385851490877408,18,5,-60,-76,-62
1385851491126049,18,5,-60,-76,-61
1385851491210749,18,5,-63,-77,-61
1385851491377053,18,5,-64,-78,-61
1385851491378016,18,5,-63,-77,-61
1385851491381538,18,5,-64,-77,-61
1385851491381952,18,5,-66,-78,-61
1385851497419778,19,5,-67,-72,-65
1385851497420125,19,5,-67,-73,-65
1385851497647397,19,5,-69,-72,-65
1385851497647743,19,5,-69,-72,-65
1385851497747253,19,5,-66,-74,-62
1385851497922476,19,5,-66,-74,-62
1385851497923569,19,5,-66,-74,-62
1385851497926745,19,5,-68,-74,-61
1385851498249029,19,5,-69,-74,-61
1385851498250966,19,5,-69,-74,-61
1385851504962664,20,5,-57,-73,-61
1385851504963473,20,5,-57,-73,-61
1385851505172984,20,5,-57,-73,-60
1385851505463323,20,5,-58,-79,-61
1385851505467990,20,5,-58,-79,-61
1385851505468368,20,5,-59,-80,-61
1385851507680936,20,5,-59,-76,-61
1385851507801287,20,5,-59,-80,-61
1385851508489714,20,5,-60,-81,-61
1385851508807639,20,5,-62,-79,-61
1385851512695214,21,5,-62,-72,-59
1385851512829989,21,5,-63,-72,-59
1385851512830393,21,5,-63,-72,-59
1385851513014626,21,5,-61,-73,-59
1385851513198194,21,5,-59,-75,-58
1385851513198549,21,5,-59,-76,-58
1385851513331184,21,5,-61,-78,-58
1385851513331584,21,5,-61,-78,-58
1385851513518430,21,5,-60,-76,-58
1385851513520739,21,5,-60,-78,-58
1385851520371778,22,5,-72,-77,-59
1385851520575687,22,5,-72,-77,-59
1385851520722236,22,5,-72,-78,-59
1385851520874063,22,5,-70,-78,-58
1385851520874926,22,5,-70,-77,-59
1385851521074998,22,5,-62,-75,-63
1385851521078150,22,5,-62,-76,-63
1385851521223834,22,5,-62,-79,-65
1385851521224301,22,5,-62,-79,-65
1385851521374731,22,5,-64,-77,-65
1385851521375625,22,5,-63,-78,-65
1385851528246482,23,5,-65,-77,-58
1385851528414220,23,5,-67,-75,-59
1385851528416042,23,5,-67,-75,-58
1385851528612603,23,5,-67,-75,-58
1385851528621568,23,5,-66,-75,-59
1385851528624654,23,5,-65,-75,-58
1385851528748484,23,5,-64,-75,-58
1385851528748812,23,5,-65,-75,-58
1385851528748993,23,5,-65,-75,-58
1385851529117764,23,5,-66,-75,-62
1385851529118186,23,5,-66,-75,-62
1385851529118508,23,5,-66,-75,-62
1385851529118737,23,5,-66,-76,-62
1385851534635232,24,5,-68,-78,-59
1385851534728861,24,5,-68,-77,-59
1385851535182955,24,5,-69,-75,-59
1385851535183428,24,5,-69,-74,-59
1385851535269487,24,5,-69,-74,-59
1385851535452978,24,5,-71,-74,-60
1385851535659050,24,5,-68,-72,-61
1385851535659423,24,5,-68,-72,-61
1385851535659684,24,5,-71,-71,-62
1385851535771178,24,5,-66,-71,-39
1385851535771533,24,5,-62,-72,-59
1385851539672298,25,5,-60,-76,-56
1385851540680728,25,5,-66,-76,-58
1385851541195842,25,5,-61,-77,-58
1385851541683442,25,5,-62,-74,-60
1385851541791530,25,5,-62,-74,-62
1385851541987717,25,5,-60,-79,-60
1385851542292560,25,5,-59,-77,-59
1385851542492319,25,5,-59,-76,-59
1385851542706941,25,5,-59,-77,-59
1385851542707318,25,5,-59,-76,-59
1385851545705687,26,5,-62,-70,-57
1385851546021146,26,5,-61,-72,-59
1385851546256416,26,5,-61,-71,-59
1385851546306991,26,5,-62,-71,-58
1385851546512591,26,5,-62,-71,-58
1385851546717498,26,5,-64,-70,-58
1385851546717907,26,5,-64,-71,-58
1385851546806533,26,5,-64,-71,-58
1385851547017014,26,5,-65,-73,-59
1385851547210462,26,5,-62,-72,-58
1385851551320931,27,5,-69,-76,-57
1385851551321490,27,5,-69,-76,-57
1385851551541838,27,5,-70,-76,-57
1385851551823117,27,5,-68,-77,-58
1385851552040776,27,5,-68,-75,-58
1385851552546858,27,5,-70,-78,-61
1385851552825998,27,5,-69,-76,-59
1385851553052717,27,5,-70,-76,-58
1385851553327857,27,5,-73,-77,-58
1385851553328209,27,5,-73,-77,-59
1385851558342403,28,5,-70,-78,-58
1385851558342865,28,5,-70,-78,-58
1385851558576209,28,5,-70,-77,-58
1385851558580422,28,5,-71,-76,-58
1385851558795462,28,5,-73,-74,-59
1385851558795776,28,5,-85,-74,-59
1385851558844527,28,5,-75,-72,-60
1385851558844774,28,5,-75,-72,-60
1385851558844949,28,5,-76,-74,-63
1385851559081127,28,5,-72,-76,-60
1385851564610003,29,5,-64,-72,-62
1385851564610955,29,5,-64,-73,-62
1385851564798567,29,5,-64,-73,-62
1385851564802033,29,5,-65,-73,-62
1385851565115508,29,5,-64,-73,-61
1385851565115813,29,5,-66,-77,-59
1385851565303160,29,5,-65,-77,-60
1385851565307889,29,5,-65,-77,-60
1385851565363758,29,5,-66,-75,-60
1385851565616244,29,5,-64,-77,-61
1385851565616691,29,5,-64,-77,-61
1385851576172947,29,6,-69,-73,-61
1385851576173723,29,6,-70,-73,-61
1385851576401820,29,6,-71,-72,-61
1385851576402951,29,6,-71,-72,-61
1385851576675227,29,6,-70,-73,-62
1385851576676041,29,6,-70,-73,-62
1385851576678668,29,6,-70,-73,-62
1385851576678942,29,6,-70,-73,-62
1385851576903225,29,6,-70,-72,-62
1385851576903662,29,6,-70,-72,-61
1385851576904097,29,6,-71,-72,-62
1385851586730968,28,6,-71,-72,-59
1385851586905116,28,6,-70,-75,-58
1385851586906950,28,6,-71,-75,-58
1385851586944583,28,6,-68,-75,-58
1385851587232274,28,6,-70,-75,-58
1385851587233215,28,6,-70,-76,-59
1385851587410783,28,6,-70,-76,-59
1385851587436574,28,6,-71,-76,-59
1385851587437018,28,6,-69,-75,-58
1385851587737443,28,6,-69,-76,-59
1385851591254791,27,6,-65,-79,-61
1385851591761622,27,6,-66,-80,-64
1385851591761887,27,6,-65,-81,-64
1385851591762222,27,6,-64,-81,-63
1385851591952047,27,6,-68,-78,-61
1385851592260543,27,6,-67,-79,-61
1385851592261825,27,6,-67,-79,-61
1385851592264792,27,6,-68,-80,-61
1385851592455337,27,6,-67,-77,-61
1385851592769277,27,6,-67,-77,-61
1385851596783719,26,6,-61,-78,-58
1385851596974564,26,6,-61,-78,-58
1385851596977936,26,6,-61,-78,-58
1385851596985913,26,6,-61,-76,-58
1385851597480442,26,6,-61,-77,-57
1385851597979674,26,6,-60,-78,-57
1385851598293304,26,6,-62,-76,-57
1385851598480499,26,6,-62,-75,-57
1385851598795669,26,6,-66,-74,-58
1385851598796231,26,6,-66,-74,-58
1385851603319849,25,6,-63,-74,-60
1385851603520694,25,6,-63,-74,-60
1385851603826969,25,6,-66,-74,-60
1385851604324783,25,6,-63,-73,-60
1385851604530736,25,6,-62,-74,-60
1385851604531185,25,6,-62,-75,-60
1385851604825863,25,6,-62,-75,-60
1385851604827107,25,6,-62,-75,-60
1385851605026293,25,6,-61,-75,-61
1385851605026596,25,6,-61,-75,-61
1385851605026832,25,6,-62,-74,-60
1385851609550428,24,6,-65,-72,-59
1385851609552953,24,6,-62,-73,-60
1385851609553644,24,6,-63,-73,-59
1385851609855042,24,6,-63,-74,-59
1385851610054364,24,6,-64,-75,-59
1385851610062070,24,6,-63,-75,-59
1385851610062417,24,6,-64,-75,-59
1385851610063733,24,6,-65,-75,-60
1385851610358130,24,6,-66,-74,-58
1385851610557640,24,6,-67,-76,-59
1385851615594813,23,6,-67,-76,-60
1385851615596221,23,6,-67,-75,-60
1385851615598596,23,6,-69,-76,-60
1385851616030146,23,6,-69,-75,-59
1385851616095401,23,6,-68,-75,-58
1385851616096631,23,6,-67,-75,-58
1385851616096807,23,6,-68,-75,-58
1385851616099743,23,6,-66,-74,-59
1385851616391914,23,6,-69,-75,-63
1385851616531794,23,6,-68,-76,-63
1385851624626734,22,6,-68,-70,-59
1385851624630770,22,6,-68,-71,-59
1385851625059323,22,6,-68,-72,-59
1385851625129684,22,6,-68,-72,-59
1385851625131543,22,6,-68,-72,-59
1385851625147178,22,6,-69,-72,-60
1385851625560595,22,6,-68,-72,-60
1385851625663602,22,6,-68,-72,-60
1385851625664095,22,6,-68,-72,-60
1385851625664394,22,6,-70,-73,-60
1385851625664823,22,6,-70,-73,-62
1385851639782872,21,6,-65,-76,-62
1385851640230494,21,6,-67,-74,-65
1385851640230795,21,6,-67,-74,-65
1385851640730175,21,6,-66,-76,-70
1385851640732235,21,6,-66,-76,-70
1385851640732617,21,6,-66,-76,-70
1385851640732854,21,6,-64,-77,-70
1385851642114302,21,6,-60,-79,-65
1385851642812205,21,6,-62,-83,-61
1385851642812539,21,6,-61,-84,-61
1385851642812854,21,6,-62,-84,-61
1385851642813109,21,6,-62,-83,-62
1385851642813315,21,6,-62,-84,-61
1385851642813678,21,6,-61,-81,-60
1385851642813881,21,6,-61,-81,-61
1385851642813987,21,6,-60,-79,-60
1385851648062305,20,6,-63,-77,-59
1385851648272120,20,6,-66,-79,-62
1385851648279208,20,6,-66,-80,-61
1385851648281322,20,6,-66,-81,-63
1385851648281615,20,6,-68,-81,-63
1385851648568698,20,6,-68,-82,-65
1385851648569648,20,6,-67,-79,-64
1385851648635644,20,6,-65,-81,-63
1385851648636210,20,6,-63,-80,-63
1385851649070625,20,6,-64,-79,-62
1385851653149876,19,6,-68,-78,-71
1385851653150204,19,6,-68,-79,-71
1385851653309230,19,6,-68,-75,-66
1385851653650739,19,6,-70,-76,-64
1385851653651226,19,6,-70,-76,-64
1385851653653351,19,6,-70,-76,-65
1385851653812550,19,6,-70,-76,-65
1385851653813750,19,6,-67,-75,-65
1385851653814020,19,6,-64,-75,-65
1385851654153416,19,6,-65,-76,-65
1385851654153716,19,6,-65,-77,-65
1385851654153908,19,6,-65,-76,-65
1385851654154145,19,6,-65,-76,-65
1385851658332984,18,6,-72,-73,-66
1385851658335553,18,6,-72,-73,-66
1385851658620684,18,6,-72,-73,-66
1385851658667677,18,6,-72,-73,-66
1385851658855329,18,6,-72,-73,-65
1385851658856873,18,6,-72,-74,-65
1385851658857320,18,6,-72,-74,-65
1385851658857579,18,6,-74,-74,-65
1385851658858030,18,6,-74,-74,-64
1385851659124138,18,6,-74,-73,-65
1385851664686749,17,6,-76,-73,-69
1385851664687090,17,6,-77,-73,-69
1385851664687219,17,6,-77,-73,-70
1385851664877073,17,6,-77,-72,-70
1385851665188678,17,6,-77,-73,-70
1385851665189101,17,6,-76,-73,-70
1385851665189280,17,6,-76,-73,-70
1385851665378802,17,6,-77,-77,-69
1385851665381629,17,6,-80,-76,-71
1385851665690407,17,6,-79,-77,-73
1385851665690868,17,6,-79,-77,-73
1385851665691158,17,6,-79,-76,-73
1385851669703547,16,6,-70,-78,-67
1385851669704099,16,6,-70,-77,-67
1385851669914930,16,6,-70,-79,-67
1385851670420241,16,6,-74,-81,-68
1385851670918636,16,6,-74,-81,-69
1385851670920840,16,6,-73,-82,-69
1385851670930847,16,6,-73,-81,-69
1385851671208352,16,6,-77,-82,-70
1385851671425379,16,6,-78,-79,-69
1385851671431794,16,6,-79,-79,-69
1385851675220904,15,6,-75,-77,-73
1385851675448909,15,6,-73,-75,-72
1385851675721856,15,6,-73,-75,-72
1385851675722467,15,6,-74,-73,-69
1385851675722956,15,6,-73,-73,-69
1385851675944509,15,6,-73,-73,-68
1385851676223668,15,6,-75,-80,-70
1385851676224113,15,6,-76,-80,-70
1385851676224430,15,6,-76,-80,-70
1385851676453444,15,6,-73,-77,-70
1385851680741662,14,6,-66,-80,-70
1385851680984918,14,6,-73,-77,-72
1385851680986159,14,6,-72,-78,-72
1385851681240460,14,6,-72,-79,-72
1385851681249912,14,6,-73,-80,-74
1385851681485729,14,6,-70,-80,-75
1385851681487221,14,6,-69,-81,-75
1385851681744065,14,6,-73,-79,-71
1385851681745458,14,6,-74,-79,-71
1385851681746892,14,6,-82,-79,-69
1385851686268206,13,6,-67,-81,-69
1385851686769502,13,6,-67,-78,-70
1385851686771541,13,6,-73,-80,-68
1385851686771713,13,6,-70,-78,-68
1385851687019158,13,6,-66,-76,-65
1385851687275983,13,6,-63,-74,-65
1385851687276300,13,6,-62,-74,-65
1385851687276495,13,6,-62,-74,-65
1385851687276719,13,6,-63,-74,-65
1385851687279725,13,6,-65,-77,-68
1385851702860783,11,6,-76,-78,-77
1385851702861189,11,6,-75,-77,-77
1385851703120437,11,6,-76,-79,-75
1385851703362218,11,6,-84,-79,-73
1385851703366408,11,6,-72,-79,-73
1385851703366693,11,6,-74,-79,-73
1385851703617522,11,6,-68,-80,-71
1385851703618712,11,6,-68,-80,-71
1385851703813462,11,6,-74,-82,-71
1385851703864507,11,6,-77,-82,-72
1385851707382450,10,6,-69,-81,-73
1385851707382917,10,6,-68,-81,-73
1385851707640471,10,6,-68,-82,-72
1385851707884788,10,6,-68,-82,-72
1385851707886232,10,6,-69,-82,-71
1385851708389126,10,6,-76,-81,-71
1385851708389583,10,6,-76,-80,-72
1385851708390854,10,6,-76,-79,-72
1385851708391119,10,6,-75,-81,-76
1385851708394182,10,6,-75,-84,-74
1385851712164906,9,6,-60,-80,-71
1385851712340712,9,6,-60,-78,-70
1385851712412679,9,6,-62,-79,-70
1385851712667474,9,6,-62,-79,-71
1385851712667930,9,6,-62,-80,-70
1385851712911955,9,6,-63,-81,-70
1385851712913856,9,6,-62,-82,-70
1385851713415329,9,6,-64,-81,-71
1385851713922624,9,6,-63,-83,-71
1385851713924989,9,6,-63,-82,-71
1385851717939721,8,6,-58,-81,-74
1385851718365336,8,6,-58,-81,-74
1385851718443353,8,6,-58,-82,-74
1385851718444591,8,6,-58,-82,-77
1385851719198181,8,6,-65,-81,-79
1385851719448591,8,6,-63,-80,-79
1385851719703732,8,6,-63,-79,-79
1385851719951723,8,6,-60,-79,-80
1385851720452754,8,6,-62,-81,-78
1385851720955816,8,6,-62,-81,-77
1385851720956733,8,6,-62,-81,-77
1385851725387469,7,6,-57,-79,-73
1385851725480501,7,6,-56,-79,-74
1385851725734343,7,6,-56,-79,-74
1385851729251991,7,6,-60,-83,-75
1385851731770644,7,6,-57,-81,-75
1385851733526660,7,6,-60,-80,-76
1385851734275552,7,6,-76,-78,-75
1385851734417159,7,6,-67,-78,-71
1385851734530957,7,6,-67,-78,-70
1385851735534534,7,6,-65,-80,-74
1385851739935547,6,6,-60,-78,-77
1385851740562353,6,6,-61,-80,-77
1385851743360794,6,6,-61,-83,-75
1385851745590124,6,6,-62,-81,-78
1385851746968448,6,6,-64,-80,-83
1385851748604422,6,6,-64,-79,-78
1385851748606091,6,6,-62,-80,-78
1385851749868543,6,6,-64,-81,-76
1385851755643789,6,6,-65,-79,-80
1385851756146767,6,6,-65,-79,-77
1385851762434663,5,6,-59,-79,-81
1385851765941299,5,6,-62,-78,-78
1385851767209597,5,6,-60,-82,-80
1385851768037059,5,6,-60,-79,-82
1385851768459781,5,6,-61,-81,-82
1385851768538692,5,6,-61,-80,-83
1385851768539128,5,6,-61,-81,-83
1385851768540082,5,6,-62,-81,-84
1385851768543412,5,6,-62,-82,-85
1385851768543721,5,6,-61,-82,-83
1385851773743537,4,6,-55,-78,-73
1385851775561768,4,6,-55,-79,-83
1385851776757616,4,6,-72,-73,-73
1385851776759332,4,6,-69,-77,-74
1385851777015694,4,6,-63,-79,-76
1385851777763134,4,6,-57,-81,-82
1385851778076085,4,6,-54,-76,-76
1385851778523342,4,6,-63,-78,-80
1385851778571933,4,6,-64,-79,-81
1385851778769763,4,6,-66,-82,-80
1385851783795654,3,6,-62,-79,-72
1385851784088686,3,6,-61,-72,-70
1385851784089050,3,6,-61,-70,-70
1385851784089360,3,6,-61,-70,-69
1385851784298211,3,6,-62,-72,-69
1385851784300503,3,6,-64,-74,-69
1385851784589195,3,6,-65,-78,-69
1385851784589637,3,6,-65,-78,-69
1385851784589864,3,6,-66,-78,-69
1385851784590189,3,6,-66,-78,-69
1385851817734169,3,7,-62,-75,-75
1385851817734747,3,7,-62,-74,-75
1385851818228351,3,7,-67,-78,-76
1385851818229499,3,7,-67,-78,-76
1385851818479871,3,7,-68,-75,-77
1385851818483665,3,7,-61,-77,-77
1385851818733817,3,7,-71,-78,-78
1385851818986196,3,7,-65,-78,-78
1385851818987538,3,7,-65,-77,-78
1385851819243556,3,7,-64,-77,-78
1385851828033910,4,7,-77,-88,-87
1385851828036015,4,7,-82,-88,-87
1385851828231389,4,7,-84,-88,-88
1385851828536535,4,7,-79,-87,-85
1385851830044684,4,7,-82,-86,-86
1385851830547016,4,7,-82,-85,-86
1385851831308128,4,7,-86,-86,-87
1385851831813954,4,7,-78,-86,-85
1385851831814478,4,7,-78,-85,-84
1385851832312924,4,7,-82,-86,-88
1385851853927011,5,7,-83,-85,-86
1385851854174287,5,7,-83,-85,-87
1385851854940675,5,7,-83,-87,-86
1385851855820055,5,7,-85,-86,-83
1385851855820500,5,7,-82,-87,-87
1385851855939315,5,7,-84,-90,-87
1385851855944185,5,7,-85,-87,-88
1385851855947074,5,7,-88,-87,-87
1385851856322106,5,7,-81,-88,-87
1385851856438574,5,7,-83,-88,-87
1385851862842660,6,7,-77,-86,-87
1385851862972419,6,7,-77,-87,-86
1385851862977755,6,7,-76,-87,-88
1385851864982541,6,7,-80,-88,-89
1385851867249776,6,7,-75,-86,-87
1385851869865695,6,7,-76,-87,-88
1385851881579253,6,7,-78,-87,-84
1385851881904703,6,7,-77,-86,-85
1385851882078483,6,7,-78,-87,-85
1385851888356293,6,7,-75,-90,-89
1385851905479945,7,7,-72,-88,-87
1385851908490586,7,7,-73,-86,-85
1385851924043159,7,7,-75,-88,-86
1385851926053949,7,7,-81,-81,-82
1385851926055708,7,7,-81,-81,-83
1385851926311535,7,7,-81,-77,-80
1385851926557570,7,7,-80,-78,-81
1385851926558094,7,7,-78,-77,-80
1385851926815724,7,7,-81,-80,-82
1385851926816390,7,7,-80,-80,-83
1385851948671474,8,7,-74,-88,-86
1385851949430322,8,7,-76,-88,-87
1385851949435908,8,7,-76,-88,-85
1385851953198344,8,7,-74,-88,-86
1385851953200806,8,7,-75,-85,-86
1385851953203833,8,7,-74,-88,-86
1385851953204732,8,7,-75,-89,-85
1385851953206118,8,7,-75,-86,-86
1385851953460434,8,7,-74,-87,-87
1385851955710930,8,7,-76,-84,-87
1385852013771519,9,7,-77,-87,-84
1385852013830870,9,7,-76,-88,-85
1385852013831952,9,7,-77,-90,-81
1385852013833642,9,7,-77,-89,-83
1385852039914024,9,7,-71,-78,-67
1385852040156153,9,7,-62,-79,-72
1385852040415474,9,7,-62,-79,-72
1385852040415902,9,7,-62,-79,-72
1385852040416301,9,7,-62,-79,-72
1385852040658387,9,7,-63,-78,-71
1385852040658982,9,7,-63,-78,-71
1385852048199884,10,7,-68,-78,-77
1385852048200201,10,7,-67,-77,-76
1385852048700572,10,7,-67,-78,-77
1385852048701574,10,7,-67,-78,-77
1385852048703855,10,7,-68,-79,-77
1385852049706991,10,7,-67,-82,-76
1385852050459548,10,7,-69,-78,-75
1385852050711054,10,7,-67,-79,-76
1385852050962736,10,7,-68,-79,-74
1385852055824835,10,7,-68,-84,-74
1385852061772413,11,7,-72,-81,-78
1385852065554757,11,7,-71,-82,-79
1385852066296287,11,7,-76,-80,-75
1385852066552325,11,7,-74,-83,-77
1385852066799332,11,7,-74,-83,-79
1385852066799943,11,7,-74,-84,-80
1385852067057495,11,7,-73,-84,-81
1385852067302136,11,7,-73,-82,-82
1385852067303719,11,7,-73,-83,-81
1385852067303938,11,7,-72,-83,-82
1385852067304167,11,7,-73,-83,-80
1385852075343202,13,7,-75,-83,-82
1385852075597423,13,7,-77,-84,-80
1385852075598856,13,7,-76,-84,-81
1385852075599137,13,7,-76,-82,-80
1385852075847609,13,7,-76,-83,-81
1385852075851139,13,7,-76,-85,-81
1385852076108411,13,7,-73,-84,-81
1385852076108805,13,7,-73,-84,-81
1385852076108982,13,7,-73,-84,-81
1385852076109139,13,7,-74,-84,-81
1385852081380909,14,7,-66,-81,-78
1385852081634078,14,7,-69,-83,-76
1385852081634705,14,7,-68,-84,-76
1385852081877419,14,7,-70,-84,-75
1385852081877959,14,7,-69,-83,-75
1385852082139840,14,7,-70,-83,-75
1385852082140169,14,7,-70,-83,-75
1385852082140407,14,7,-70,-83,-75
1385852082380257,14,7,-71,-83,-78
1385852082387956,14,7,-72,-83,-79
1385852082388334,14,7,-74,-83,-80
1385852086404544,15,7,-71,-81,-76
1385852086647619,15,7,-68,-82,-77
1385852086649023,15,7,-68,-81,-77
1385852086906971,15,7,-68,-81,-75
1385852087146137,15,7,-69,-81,-75
1385852087149111,15,7,-68,-81,-74
1385852087157285,15,7,-70,-80,-75
1385852087407680,15,7,-69,-79,-75
1385852087409717,15,7,-69,-78,-75
1385852087410343,15,7,-70,-78,-75
1385852091431228,16,7,-69,-79,-79
1385852091431632,16,7,-69,-79,-79
1385852091710610,16,7,-68,-77,-74
1385852091930595,16,7,-71,-78,-78
1385852091932765,16,7,-71,-78,-78
1385852095452926,16,7,-68,-81,-81
1385852095707416,16,7,-68,-80,-81
1385852095953691,16,7,-68,-80,-80
1385852096208229,16,7,-68,-79,-80
1385852096968826,16,7,-68,-81,-78
1385852102490130,17,7,-67,-79,-73
1385852102491944,17,7,-67,-80,-73
1385852102745117,17,7,-67,-79,-73
1385852105269773,17,7,-74,-80,-74
1385852105506330,17,7,-73,-79,-76
1385852105625697,17,7,-73,-81,-80
1385852109638816,17,7,-68,-81,-79
1385852109639201,17,7,-68,-81,-80
1385852112649178,17,7,-68,-82,-76
1385852113304302,17,7,-68,-79,-72
1385852120351956,18,7,-75,-81,-80
1385852120352224,18,7,-75,-82,-80
1385852120353009,18,7,-75,-81,-79
1385852120674597,18,7,-76,-81,-78
1385852120844727,18,7,-76,-81,-75
1385852120846530,18,7,-76,-81,-75
1385852120847242,18,7,-76,-81,-75
1385852120847478,18,7,-77,-81,-74
1385852121175445,18,7,-74,-81,-72
1385852121176124,18,7,-74,-81,-72
1385852127376645,19,7,-72,-79,-77
1385852127377733,19,7,-72,-79,-76
1385852127380464,19,7,-70,-80,-78
1385852127696319,19,7,-69,-82,-78
1385852127876890,19,7,-70,-83,-78
1385852127879261,19,7,-70,-82,-78
1385852127879468,19,7,-70,-82,-78
1385852127886093,19,7,-88,-80,-76
1385852128386037,19,7,-73,-82,-70
1385852128462174,19,7,-74,-82,-70
1385852128462459,19,7,-72,-81,-70
1385852128462703,19,7,-73,-82,-70
1385852128462988,19,7,-73,-83,-69
1385852128463207,19,7,-75,-84,-68
1385852128463380,19,7,-73,-83,-68
1385852134160622,20,7,-76,-80,-77
1385852134218285,20,7,-76,-81,-78
1385852134218680,20,7,-76,-82,-77
1385852134220043,20,7,-75,-81,-76
1385852134220857,20,7,-76,-81,-77
1385852134407655,20,7,-74,-79,-75
1385852134408395,20,7,-74,-79,-74
1385852134411846,20,7,-74,-80,-74
1385852134412101,20,7,-80,-82,-74
1385852134664978,20,7,-82,-80,-75
1385852139445442,21,7,-71,-78,-75
1385852139689263,21,7,-73,-75,-76
1385852139736001,21,7,-74,-77,-75
1385852139736386,21,7,-74,-77,-75
1385852139945062,21,7,-74,-76,-75
1385852139970601,21,7,-74,-78,-74
1385852140192767,21,7,-73,-77,-76
1385852140237166,21,7,-73,-77,-76
1385852140237540,21,7,-73,-77,-76
1385852140237744,21,7,-73,-77,-76
1385852140237970,21,7,-73,-76,-79
1385852144468443,22,7,-71,-79,-79
1385852144468959,22,7,-71,-79,-79
1385852144469148,22,7,-71,-79,-78
1385852144752518,22,7,-79,-77,-77
1385852144962951,22,7,-71,-78,-76
1385852144963364,22,7,-71,-77,-76
1385852144963615,22,7,-71,-78,-76
1385852144963770,22,7,-73,-80,-75
1385852145254122,22,7,-74,-79,-76
1385852145461878,22,7,-74,-78,-76
1385852145462790,22,7,-74,-79,-76
1385852150772061,23,7,-80,-80,-81
1385852150990617,23,7,-70,-80,-81
1385852152256144,23,7,-81,-80,-79
1385852152279239,23,7,-73,-76,-76
1385852152500291,23,7,-76,-76,-77
1385852152778207,23,7,-76,-75,-77
1385852152778463,23,7,-76,-76,-81
1385852153002203,23,7,-76,-75,-78
1385852153008755,23,7,-74,-76,-77
1385852153279724,23,7,-74,-75,-79
1385852153280029,23,7,-74,-76,-78
1385852153280180,23,7,-75,-76,-79
1385852157019456,24,7,-73,-78,-74
1385852157019821,24,7,-73,-78,-74
1385852157292632,24,7,-70,-82,-73
1385852157523665,24,7,-70,-81,-71
1385852157524071,24,7,-70,-80,-72
1385852157524265,24,7,-70,-81,-72
1385852157524507,24,7,-79,-79,-70
1385852157794161,24,7,-80,-79,-70
1385852157794866,24,7,-78,-79,-70
1385852158019056,24,7,-79,-81,-70
1385852163048496,25,7,-79,-76,-77
1385852163318064,25,7,-69,-75,-79
1385852163554799,25,7,-69,-79,-77
1385852163556393,25,7,-69,-78,-76
1385852163558419,25,7,-69,-78,-76
1385852163558686,25,7,-69,-77,-70
1385852163821430,25,7,-70,-76,-72
1385852164089121,25,7,-70,-75,-72
1385852164211729,25,7,-70,-76,-72
1385852164212053,25,7,-71,-76,-72
1385852170859544,26,7,-66,-79,-72
1385852170860066,26,7,-66,-80,-71
1385852171110492,26,7,-66,-75,-73
1385852171337747,26,7,-66,-78,-71
1385852171359182,26,7,-66,-78,-71
1385852171366036,26,7,-66,-78,-72
1385852171366397,26,7,-68,-79,-78
1385852171366960,26,7,-69,-78,-78
1385852171611459,26,7,-70,-79,-79
1385852171612795,26,7,-68,-78,-79
1385852176142904,27,7,-70,-78,-70
1385852176143270,27,7,-70,-78,-69
1385852176388267,27,7,-70,-76,-68
1385852176391991,27,7,-71,-78,-68
1385852176643174,27,7,-71,-80,-68
1385852176646397,27,7,-71,-80,-68
1385852176647427,27,7,-70,-81,-69
1385852176892463,27,7,-70,-83,-71
1385852177401208,27,7,-68,-79,-72
1385852177405565,27,7,-68,-78,-71
1385852182419246,28,7,-75,-78,-61
1385852182422144,28,7,-75,-77,-60
1385852182422479,28,7,-75,-76,-60
1385852182677158,28,7,-75,-76,-61
1385852182920920,28,7,-78,-76,-62
1385852182921846,28,7,-78,-76,-62
1385852182923337,28,7,-78,-76,-62
1385852182923513,28,7,-77,-76,-62
1385852182925232,28,7,-75,-78,-67
1385852183186524,28,7,-74,-78,-68
1385852187953080,29,7,-80,-73,-67
1385852187953434,29,7,-80,-73,-66
1385852188222126,29,7,-80,-73,-67
1385852188452028,29,7,-80,-73,-67
1385852188455432,29,7,-80,-73,-67
1385852188455794,29,7,-80,-74,-68
1385852188703967,29,7,-81,-73,-68
1385852188956630,29,7,-81,-73,-71
1385852188962542,29,7,-80,-74,-72
1385852188962884,29,7,-81,-74,-72
